Indiv CHROM pos1 pos2 sum_depth n_sites
S1 2 10007000 10007999 33735 787
S1 2 10008000 10008999 43372 1000
S1 2 10009000 10009999 39711 993
S1 2 10010000 10010999 39966 999
S1 2 10011000 10011999 46933 1000
S1 2 10012000 10012999 38043 998
S1 2 10013000 10013999 43733 999
S1 2 10014000 10014999 39678 1000
S1 2 10015000 10015999 39021 1000
S1 2 10016000 10016999 40409 1000
S1 2 10017000 10017999 38359 1000
S1 2 10018000 10018999 41550 1000
S1 2 10019000 10019999 43776 1000
S1 2 10020000 10020999 41388 999
S1 2 10021000 10021999 42836 1000
S1 2 10022000 10022999 44797 996
S1 2 10023000 10023999 37719 999
S1 2 10024000 10024999 39171 1000
S1 2 10025000 10025999 38544 1000
S1 2 10026000 10026999 37125 999
S1 2 10027000 10027999 42642 1000
S1 2 10028000 10028999 46862 1000
S1 2 10029000 10029999 42562 1000
S1 2 10030000 10030999 43489 1000
S1 2 10031000 10031999 43532 1000
S1 2 10032000 10032999 41095 1000
S1 2 10033000 10033999 35964 1000
S1 2 10034000 10034999 36426 1000
S1 2 10035000 10035999 40094 1000
S1 2 10036000 10036999 39079 1000
S1 2 10037000 10037999 43029 1000
S1 2 10038000 10038999 39195 1000
S1 2 10039000 10039999 35567 1000
S1 2 10040000 10040999 40539 1000
S1 2 10041000 10041999 40055 1000
S1 2 10042000 10042999 41068 1000
S1 2 10043000 10043999 42442 1000
S1 2 10044000 10044999 38648 1000
S1 2 10045000 10045999 39704 999
S1 2 10046000 10046999 41526 1000
S1 2 10047000 10047999 44731 1000
S1 2 10048000 10048999 40957 1000
S1 2 10049000 10049999 45054 1000
S1 2 10050000 10050999 37800 1000
S1 2 10051000 10051999 42207 1000
S1 2 10052000 10052999 43132 1000
S1 2 10053000 10053999 38753 1000
S1 2 10054000 10054999 42398 1000
S1 2 10055000 10055999 40425 1000
S1 2 10056000 10056999 48124 999
S1 2 10057000 10057999 41489 999
S1 2 10058000 10058999 40816 1000
S1 2 10059000 10059999 41734 1000
S1 2 10060000 10060999 42260 1000
S1 2 10061000 10061999 42453 1000
S1 2 10062000 10062999 39543 1000
S1 2 10063000 10063999 44645 999
S1 2 10064000 10064999 41293 1000
S1 2 10065000 10065999 42022 1000
S1 2 10066000 10066999 43248 1000
S1 2 10067000 10067999 37574 1000
S1 2 10068000 10068999 32832 1000
S1 2 10069000 10069999 38256 1000
S1 2 10070000 10070999 40790 1000
S1 2 10071000 10071999 40812 1000
S1 2 10072000 10072999 40879 1000
S1 2 10073000 10073999 37559 1000
S1 2 10074000 10074999 43830 1000
S1 2 10075000 10075999 41972 1000
S1 2 10076000 10076999 41982 997
S1 2 10077000 10077999 40300 1000
S1 2 10078000 10078999 42936 1000
S1 2 10079000 10079999 41784 1000
S1 2 10080000 10080999 39196 1000
S1 2 10081000 10081999 43409 1000
S1 2 10082000 10082999 44049 999
S1 2 10083000 10083999 43122 1000
S1 2 10084000 10084999 43691 1000
S1 2 10085000 10085999 38899 1000
S1 2 10086000 10086999 42000 1000
S1 2 10087000 10087999 42559 1000
S1 2 10088000 10088999 36726 1000
S1 2 10089000 10089999 43040 998
S1 2 10090000 10090999 32435 991
S1 2 10091000 10091999 36476 1000
S1 2 10092000 10092999 42596 1000
S1 2 10093000 10093999 46723 1000
S1 2 10094000 10094999 40505 1000
S1 2 10095000 10095999 41028 1000
S1 2 10096000 10096999 44717 1000
S1 2 10097000 10097999 45788 1000
S1 2 10098000 10098999 41836 1000
S1 2 10099000 10099999 40270 999
S1 2 10100000 10100999 42736 1000
S1 2 10101000 10101999 41078 999
S1 2 10102000 10102999 46490 1000
S1 2 10103000 10103999 38373 998
S1 2 10104000 10104999 36731 1000
S1 2 10105000 10105999 28329 999
S1 2 10106000 10106999 20481 999
S1 2 10107000 10107999 35242 1000
S1 2 10108000 10108999 18249 1000
S1 2 10109000 10109999 39324 998
S1 2 10110000 10110999 36180 1000
S1 2 10111000 10111999 45329 1000
S1 2 10112000 10112999 46017 1000
S1 2 10113000 10113999 45550 1000
S1 2 10114000 10114999 44846 1000
S1 2 10115000 10115999 38706 997
S1 2 10116000 10116999 42147 1000
S1 2 10117000 10117999 40106 1000
S1 2 10118000 10118999 45321 1000
S1 2 10119000 10119999 48295 1000
S1 2 10120000 10120999 48111 1000
S1 2 10121000 10121999 45171 1000
S1 2 10122000 10122999 47481 1000
S1 2 10123000 10123999 9131 232
S10 2 10007000 10007999 36327 787
S10 2 10008000 10008999 49111 1000
S10 2 10009000 10009999 44905 993
S10 2 10010000 10010999 43217 999
S10 2 10011000 10011999 39946 1000
S10 2 10012000 10012999 43158 998
S10 2 10013000 10013999 44903 999
S10 2 10014000 10014999 40220 1000
S10 2 10015000 10015999 43562 1000
S10 2 10016000 10016999 43640 1000
S10 2 10017000 10017999 48111 1000
S10 2 10018000 10018999 50061 1000
S10 2 10019000 10019999 49739 1000
S10 2 10020000 10020999 43159 999
S10 2 10021000 10021999 47956 1000
S10 2 10022000 10022999 41062 996
S10 2 10023000 10023999 49885 999
S10 2 10024000 10024999 46185 1000
S10 2 10025000 10025999 49172 1000
S10 2 10026000 10026999 43226 999
S10 2 10027000 10027999 47687 1000
S10 2 10028000 10028999 42510 1000
S10 2 10029000 10029999 46399 1000
S10 2 10030000 10030999 42945 1000
S10 2 10031000 10031999 47152 1000
S10 2 10032000 10032999 40940 1000
S10 2 10033000 10033999 43415 1000
S10 2 10034000 10034999 47366 1000
S10 2 10035000 10035999 45336 1000
S10 2 10036000 10036999 42304 1000
S10 2 10037000 10037999 39671 1000
S10 2 10038000 10038999 45035 1000
S10 2 10039000 10039999 42911 1000
S10 2 10040000 10040999 43111 1000
S10 2 10041000 10041999 44351 1000
S10 2 10042000 10042999 40840 1000
S10 2 10043000 10043999 42190 1000
S10 2 10044000 10044999 44640 1000
S10 2 10045000 10045999 45254 999
S10 2 10046000 10046999 38632 1000
S10 2 10047000 10047999 43164 1000
S10 2 10048000 10048999 44053 1000
S10 2 10049000 10049999 43887 1000
S10 2 10050000 10050999 46006 1000
S10 2 10051000 10051999 46759 1000
S10 2 10052000 10052999 45675 1000
S10 2 10053000 10053999 41110 1000
S10 2 10054000 10054999 47480 1000
S10 2 10055000 10055999 38802 1000
S10 2 10056000 10056999 49117 999
S10 2 10057000 10057999 43786 999
S10 2 10058000 10058999 38294 1000
S10 2 10059000 10059999 45640 1000
S10 2 10060000 10060999 45254 1000
S10 2 10061000 10061999 47337 1000
S10 2 10062000 10062999 43613 1000
S10 2 10063000 10063999 56862 999
S10 2 10064000 10064999 42781 1000
S10 2 10065000 10065999 42933 1000
S10 2 10066000 10066999 40127 1000
S10 2 10067000 10067999 42611 1000
S10 2 10068000 10068999 37040 1000
S10 2 10069000 10069999 40278 1000
S10 2 10070000 10070999 41168 1000
S10 2 10071000 10071999 44339 1000
S10 2 10072000 10072999 40856 1000
S10 2 10073000 10073999 43395 1000
S10 2 10074000 10074999 42853 1000
S10 2 10075000 10075999 41392 1000
S10 2 10076000 10076999 44888 997
S10 2 10077000 10077999 57137 1000
S10 2 10078000 10078999 43647 1000
S10 2 10079000 10079999 42448 1000
S10 2 10080000 10080999 47119 1000
S10 2 10081000 10081999 42333 1000
S10 2 10082000 10082999 50699 999
S10 2 10083000 10083999 49890 1000
S10 2 10084000 10084999 41416 1000
S10 2 10085000 10085999 41467 1000
S10 2 10086000 10086999 52131 1000
S10 2 10087000 10087999 45078 1000
S10 2 10088000 10088999 49277 1000
S10 2 10089000 10089999 55039 998
S10 2 10090000 10090999 45309 991
S10 2 10091000 10091999 44084 1000
S10 2 10092000 10092999 42423 1000
S10 2 10093000 10093999 48283 1000
S10 2 10094000 10094999 44652 1000
S10 2 10095000 10095999 37271 1000
S10 2 10096000 10096999 47019 1000
S10 2 10097000 10097999 47337 1000
S10 2 10098000 10098999 48952 1000
S10 2 10099000 10099999 44523 999
S10 2 10100000 10100999 48872 1000
S10 2 10101000 10101999 48996 999
S10 2 10102000 10102999 45645 1000
S10 2 10103000 10103999 47106 998
S10 2 10104000 10104999 43671 1000
S10 2 10105000 10105999 38022 999
S10 2 10106000 10106999 13836 999
S10 2 10107000 10107999 41354 1000
S10 2 10108000 10108999 15922 1000
S10 2 10109000 10109999 45067 998
S10 2 10110000 10110999 38907 1000
S10 2 10111000 10111999 47365 1000
S10 2 10112000 10112999 50780 1000
S10 2 10113000 10113999 54707 1000
S10 2 10114000 10114999 44297 1000
S10 2 10115000 10115999 39189 997
S10 2 10116000 10116999 47375 1000
S10 2 10117000 10117999 41335 1000
S10 2 10118000 10118999 41895 1000
S10 2 10119000 10119999 46243 1000
S10 2 10120000 10120999 49257 1000
S10 2 10121000 10121999 50610 1000
S10 2 10122000 10122999 48478 1000
S10 2 10123000 10123999 9673 232
S11 2 10007000 10007999 49446 787
S11 2 10008000 10008999 53213 1000
S11 2 10009000 10009999 56116 993
S11 2 10010000 10010999 52920 999
S11 2 10011000 10011999 54906 1000
S11 2 10012000 10012999 57964 998
S11 2 10013000 10013999 61139 999
S11 2 10014000 10014999 47206 1000
S11 2 10015000 10015999 51606 1000
S11 2 10016000 10016999 44727 1000
S11 2 10017000 10017999 60569 1000
S11 2 10018000 10018999 57199 1000
S11 2 10019000 10019999 62214 1000
S11 2 10020000 10020999 48450 999
S11 2 10021000 10021999 55281 1000
S11 2 10022000 10022999 61130 996
S11 2 10023000 10023999 62606 999
S11 2 10024000 10024999 53113 1000
S11 2 10025000 10025999 56564 1000
S11 2 10026000 10026999 49249 999
S11 2 10027000 10027999 51049 1000
S11 2 10028000 10028999 51511 1000
S11 2 10029000 10029999 53033 1000
S11 2 10030000 10030999 48531 1000
S11 2 10031000 10031999 59558 1000
S11 2 10032000 10032999 51584 1000
S11 2 10033000 10033999 51620 1000
S11 2 10034000 10034999 56953 1000
S11 2 10035000 10035999 52603 1000
S11 2 10036000 10036999 54734 1000
S11 2 10037000 10037999 51446 1000
S11 2 10038000 10038999 53451 1000
S11 2 10039000 10039999 50787 1000
S11 2 10040000 10040999 49505 1000
S11 2 10041000 10041999 51443 1000
S11 2 10042000 10042999 55548 1000
S11 2 10043000 10043999 53913 1000
S11 2 10044000 10044999 52161 1000
S11 2 10045000 10045999 53171 999
S11 2 10046000 10046999 48491 1000
S11 2 10047000 10047999 45596 1000
S11 2 10048000 10048999 54061 1000
S11 2 10049000 10049999 58889 1000
S11 2 10050000 10050999 45355 1000
S11 2 10051000 10051999 42593 1000
S11 2 10052000 10052999 60533 1000
S11 2 10053000 10053999 52071 1000
S11 2 10054000 10054999 54847 1000
S11 2 10055000 10055999 52350 1000
S11 2 10056000 10056999 50603 999
S11 2 10057000 10057999 53869 999
S11 2 10058000 10058999 59521 1000
S11 2 10059000 10059999 51341 1000
S11 2 10060000 10060999 61205 1000
S11 2 10061000 10061999 58935 1000
S11 2 10062000 10062999 46449 1000
S11 2 10063000 10063999 63427 999
S11 2 10064000 10064999 55575 1000
S11 2 10065000 10065999 52565 1000
S11 2 10066000 10066999 58216 1000
S11 2 10067000 10067999 46007 1000
S11 2 10068000 10068999 46410 1000
S11 2 10069000 10069999 55430 1000
S11 2 10070000 10070999 53151 1000
S11 2 10071000 10071999 48795 1000
S11 2 10072000 10072999 49466 1000
S11 2 10073000 10073999 50292 1000
S11 2 10074000 10074999 48446 1000
S11 2 10075000 10075999 53214 1000
S11 2 10076000 10076999 49909 997
S11 2 10077000 10077999 60013 1000
S11 2 10078000 10078999 60875 1000
S11 2 10079000 10079999 57536 1000
S11 2 10080000 10080999 51663 1000
S11 2 10081000 10081999 53281 1000
S11 2 10082000 10082999 49277 999
S11 2 10083000 10083999 56560 1000
S11 2 10084000 10084999 50273 1000
S11 2 10085000 10085999 49739 1000
S11 2 10086000 10086999 49599 1000
S11 2 10087000 10087999 51942 1000
S11 2 10088000 10088999 55283 1000
S11 2 10089000 10089999 58922 998
S11 2 10090000 10090999 60378 991
S11 2 10091000 10091999 62376 1000
S11 2 10092000 10092999 56896 1000
S11 2 10093000 10093999 62636 1000
S11 2 10094000 10094999 58618 1000
S11 2 10095000 10095999 54492 1000
S11 2 10096000 10096999 53540 1000
S11 2 10097000 10097999 56566 1000
S11 2 10098000 10098999 49671 1000
S11 2 10099000 10099999 50438 999
S11 2 10100000 10100999 64513 1000
S11 2 10101000 10101999 58059 999
S11 2 10102000 10102999 53573 1000
S11 2 10103000 10103999 55332 998
S11 2 10104000 10104999 60944 1000
S11 2 10105000 10105999 40980 999
S11 2 10106000 10106999 29885 999
S11 2 10107000 10107999 44823 1000
S11 2 10108000 10108999 28103 1000
S11 2 10109000 10109999 54805 998
S11 2 10110000 10110999 53312 1000
S11 2 10111000 10111999 63034 1000
S11 2 10112000 10112999 56977 1000
S11 2 10113000 10113999 56838 1000
S11 2 10114000 10114999 55739 1000
S11 2 10115000 10115999 50550 997
S11 2 10116000 10116999 55539 1000
S11 2 10117000 10117999 65285 1000
S11 2 10118000 10118999 55304 1000
S11 2 10119000 10119999 59004 1000
S11 2 10120000 10120999 54988 1000
S11 2 10121000 10121999 58951 1000
S11 2 10122000 10122999 56901 1000
S11 2 10123000 10123999 10847 232
S12 2 10007000 10007999 36310 787
S12 2 10008000 10008999 44189 1000
S12 2 10009000 10009999 42495 993
S12 2 10010000 10010999 34971 999
S12 2 10011000 10011999 49624 1000
S12 2 10012000 10012999 42963 998
S12 2 10013000 10013999 42955 999
S12 2 10014000 10014999 40940 1000
S12 2 10015000 10015999 39222 1000
S12 2 10016000 10016999 38012 1000
S12 2 10017000 10017999 45794 1000
S12 2 10018000 10018999 41955 1000
S12 2 10019000 10019999 44715 1000
S12 2 10020000 10020999 32845 999
S12 2 10021000 10021999 43545 1000
S12 2 10022000 10022999 44829 996
S12 2 10023000 10023999 39796 999
S12 2 10024000 10024999 40719 1000
S12 2 10025000 10025999 41370 1000
S12 2 10026000 10026999 43845 999
S12 2 10027000 10027999 38197 1000
S12 2 10028000 10028999 39003 1000
S12 2 10029000 10029999 41869 1000
S12 2 10030000 10030999 42990 1000
S12 2 10031000 10031999 39206 1000
S12 2 10032000 10032999 42186 1000
S12 2 10033000 10033999 43138 1000
S12 2 10034000 10034999 45839 1000
S12 2 10035000 10035999 43297 1000
S12 2 10036000 10036999 45208 1000
S12 2 10037000 10037999 37022 1000
S12 2 10038000 10038999 40335 1000
S12 2 10039000 10039999 46046 1000
S12 2 10040000 10040999 42168 1000
S12 2 10041000 10041999 42819 1000
S12 2 10042000 10042999 40881 1000
S12 2 10043000 10043999 46769 1000
S12 2 10044000 10044999 42321 1000
S12 2 10045000 10045999 43562 999
S12 2 10046000 10046999 39589 1000
S12 2 10047000 10047999 39858 1000
S12 2 10048000 10048999 43284 1000
S12 2 10049000 10049999 43507 1000
S12 2 10050000 10050999 42881 1000
S12 2 10051000 10051999 38037 1000
S12 2 10052000 10052999 37768 1000
S12 2 10053000 10053999 42261 1000
S12 2 10054000 10054999 31716 1000
S12 2 10055000 10055999 33744 1000
S12 2 10056000 10056999 51886 999
S12 2 10057000 10057999 43213 999
S12 2 10058000 10058999 45091 1000
S12 2 10059000 10059999 47623 1000
S12 2 10060000 10060999 46602 1000
S12 2 10061000 10061999 45028 1000
S12 2 10062000 10062999 41508 1000
S12 2 10063000 10063999 45833 999
S12 2 10064000 10064999 42142 1000
S12 2 10065000 10065999 43630 1000
S12 2 10066000 10066999 41320 1000
S12 2 10067000 10067999 45097 1000
S12 2 10068000 10068999 36598 1000
S12 2 10069000 10069999 36873 1000
S12 2 10070000 10070999 40680 1000
S12 2 10071000 10071999 39111 1000
S12 2 10072000 10072999 43535 1000
S12 2 10073000 10073999 45808 1000
S12 2 10074000 10074999 46121 1000
S12 2 10075000 10075999 42962 1000
S12 2 10076000 10076999 38513 997
S12 2 10077000 10077999 37277 1000
S12 2 10078000 10078999 47738 1000
S12 2 10079000 10079999 41402 1000
S12 2 10080000 10080999 44195 1000
S12 2 10081000 10081999 41693 1000
S12 2 10082000 10082999 43940 999
S12 2 10083000 10083999 46643 1000
S12 2 10084000 10084999 40073 1000
S12 2 10085000 10085999 43136 1000
S12 2 10086000 10086999 47533 1000
S12 2 10087000 10087999 34840 1000
S12 2 10088000 10088999 38429 1000
S12 2 10089000 10089999 42468 998
S12 2 10090000 10090999 45901 991
S12 2 10091000 10091999 47256 1000
S12 2 10092000 10092999 46875 1000
S12 2 10093000 10093999 42682 1000
S12 2 10094000 10094999 45971 1000
S12 2 10095000 10095999 48916 1000
S12 2 10096000 10096999 42914 1000
S12 2 10097000 10097999 45652 1000
S12 2 10098000 10098999 47475 1000
S12 2 10099000 10099999 48398 999
S12 2 10100000 10100999 43775 1000
S12 2 10101000 10101999 43409 999
S12 2 10102000 10102999 45843 1000
S12 2 10103000 10103999 43338 998
S12 2 10104000 10104999 36403 1000
S12 2 10105000 10105999 22030 999
S12 2 10106000 10106999 26086 999
S12 2 10107000 10107999 35904 1000
S12 2 10108000 10108999 22242 1000
S12 2 10109000 10109999 43275 998
S12 2 10110000 10110999 45271 1000
S12 2 10111000 10111999 49221 1000
S12 2 10112000 10112999 45262 1000
S12 2 10113000 10113999 44431 1000
S12 2 10114000 10114999 41298 1000
S12 2 10115000 10115999 40658 997
S12 2 10116000 10116999 46923 1000
S12 2 10117000 10117999 47339 1000
S12 2 10118000 10118999 44405 1000
S12 2 10119000 10119999 49787 1000
S12 2 10120000 10120999 41452 1000
S12 2 10121000 10121999 47749 1000
S12 2 10122000 10122999 46544 1000
S12 2 10123000 10123999 9216 232
S13 2 10007000 10007999 32253 787
S13 2 10008000 10008999 37191 1000
S13 2 10009000 10009999 37000 993
S13 2 10010000 10010999 35425 999
S13 2 10011000 10011999 37739 1000
S13 2 10012000 10012999 28319 998
S13 2 10013000 10013999 33469 999
S13 2 10014000 10014999 41449 1000
S13 2 10015000 10015999 34822 1000
S13 2 10016000 10016999 34717 1000
S13 2 10017000 10017999 35848 1000
S13 2 10018000 10018999 36727 1000
S13 2 10019000 10019999 37727 1000
S13 2 10020000 10020999 36710 999
S13 2 10021000 10021999 33584 1000
S13 2 10022000 10022999 36948 996
S13 2 10023000 10023999 40370 999
S13 2 10024000 10024999 37558 1000
S13 2 10025000 10025999 34757 1000
S13 2 10026000 10026999 38111 999
S13 2 10027000 10027999 37580 1000
S13 2 10028000 10028999 38247 1000
S13 2 10029000 10029999 37078 1000
S13 2 10030000 10030999 34575 1000
S13 2 10031000 10031999 35963 1000
S13 2 10032000 10032999 38815 1000
S13 2 10033000 10033999 36745 1000
S13 2 10034000 10034999 38378 1000
S13 2 10035000 10035999 38651 1000
S13 2 10036000 10036999 33034 1000
S13 2 10037000 10037999 37014 1000
S13 2 10038000 10038999 34523 1000
S13 2 10039000 10039999 42014 1000
S13 2 10040000 10040999 38213 1000
S13 2 10041000 10041999 38889 1000
S13 2 10042000 10042999 34931 1000
S13 2 10043000 10043999 41317 1000
S13 2 10044000 10044999 37563 1000
S13 2 10045000 10045999 36836 999
S13 2 10046000 10046999 37029 1000
S13 2 10047000 10047999 37053 1000
S13 2 10048000 10048999 38214 1000
S13 2 10049000 10049999 36934 1000
S13 2 10050000 10050999 40007 1000
S13 2 10051000 10051999 34925 1000
S13 2 10052000 10052999 39671 1000
S13 2 10053000 10053999 40747 1000
S13 2 10054000 10054999 38518 1000
S13 2 10055000 10055999 35322 1000
S13 2 10056000 10056999 38741 999
S13 2 10057000 10057999 35834 999
S13 2 10058000 10058999 39977 1000
S13 2 10059000 10059999 37035 1000
S13 2 10060000 10060999 37871 1000
S13 2 10061000 10061999 38657 1000
S13 2 10062000 10062999 38072 1000
S13 2 10063000 10063999 41896 999
S13 2 10064000 10064999 37179 1000
S13 2 10065000 10065999 35591 1000
S13 2 10066000 10066999 37376 1000
S13 2 10067000 10067999 38489 1000
S13 2 10068000 10068999 30886 1000
S13 2 10069000 10069999 37320 1000
S13 2 10070000 10070999 40687 1000
S13 2 10071000 10071999 37850 1000
S13 2 10072000 10072999 33671 1000
S13 2 10073000 10073999 30716 1000
S13 2 10074000 10074999 41377 1000
S13 2 10075000 10075999 36269 1000
S13 2 10076000 10076999 32719 997
S13 2 10077000 10077999 43258 1000
S13 2 10078000 10078999 42071 1000
S13 2 10079000 10079999 44982 1000
S13 2 10080000 10080999 38218 1000
S13 2 10081000 10081999 34869 1000
S13 2 10082000 10082999 39700 999
S13 2 10083000 10083999 38884 1000
S13 2 10084000 10084999 37455 1000
S13 2 10085000 10085999 38212 1000
S13 2 10086000 10086999 40328 1000
S13 2 10087000 10087999 33506 1000
S13 2 10088000 10088999 32818 1000
S13 2 10089000 10089999 38629 998
S13 2 10090000 10090999 37575 991
S13 2 10091000 10091999 41695 1000
S13 2 10092000 10092999 38793 1000
S13 2 10093000 10093999 39850 1000
S13 2 10094000 10094999 37024 1000
S13 2 10095000 10095999 35489 1000
S13 2 10096000 10096999 39648 1000
S13 2 10097000 10097999 35618 1000
S13 2 10098000 10098999 37969 1000
S13 2 10099000 10099999 39032 999
S13 2 10100000 10100999 40490 1000
S13 2 10101000 10101999 41018 999
S13 2 10102000 10102999 41166 1000
S13 2 10103000 10103999 29443 998
S13 2 10104000 10104999 37094 1000
S13 2 10105000 10105999 32276 999
S13 2 10106000 10106999 24284 999
S13 2 10107000 10107999 32360 1000
S13 2 10108000 10108999 16456 1000
S13 2 10109000 10109999 36117 998
S13 2 10110000 10110999 38036 1000
S13 2 10111000 10111999 39393 1000
S13 2 10112000 10112999 41240 1000
S13 2 10113000 10113999 39326 1000
S13 2 10114000 10114999 34803 1000
S13 2 10115000 10115999 31397 997
S13 2 10116000 10116999 35862 1000
S13 2 10117000 10117999 38623 1000
S13 2 10118000 10118999 44434 1000
S13 2 10119000 10119999 46162 1000
S13 2 10120000 10120999 40323 1000
S13 2 10121000 10121999 40448 1000
S13 2 10122000 10122999 35375 1000
S13 2 10123000 10123999 7995 232
S14 2 10007000 10007999 32013 787
S14 2 10008000 10008999 51516 1000
S14 2 10009000 10009999 48181 993
S14 2 10010000 10010999 43437 999
S14 2 10011000 10011999 45857 1000
S14 2 10012000 10012999 45563 998
S14 2 10013000 10013999 49847 999
S14 2 10014000 10014999 48389 1000
S14 2 10015000 10015999 40081 1000
S14 2 10016000 10016999 45909 1000
S14 2 10017000 10017999 42884 1000
S14 2 10018000 10018999 51222 1000
S14 2 10019000 10019999 53514 1000
S14 2 10020000 10020999 43003 999
S14 2 10021000 10021999 45252 1000
S14 2 10022000 10022999 53836 996
S14 2 10023000 10023999 40833 999
S14 2 10024000 10024999 41436 1000
S14 2 10025000 10025999 51008 1000
S14 2 10026000 10026999 44365 999
S14 2 10027000 10027999 50679 1000
S14 2 10028000 10028999 46182 1000
S14 2 10029000 10029999 47588 1000
S14 2 10030000 10030999 47671 1000
S14 2 10031000 10031999 44637 1000
S14 2 10032000 10032999 46563 1000
S14 2 10033000 10033999 38564 1000
S14 2 10034000 10034999 54327 1000
S14 2 10035000 10035999 55433 1000
S14 2 10036000 10036999 50042 1000
S14 2 10037000 10037999 47394 1000
S14 2 10038000 10038999 47655 1000
S14 2 10039000 10039999 47977 1000
S14 2 10040000 10040999 47494 1000
S14 2 10041000 10041999 45617 1000
S14 2 10042000 10042999 45032 1000
S14 2 10043000 10043999 43433 1000
S14 2 10044000 10044999 49319 1000
S14 2 10045000 10045999 47428 999
S14 2 10046000 10046999 53159 1000
S14 2 10047000 10047999 43020 1000
S14 2 10048000 10048999 49986 1000
S14 2 10049000 10049999 49737 1000
S14 2 10050000 10050999 42776 1000
S14 2 10051000 10051999 43469 1000
S14 2 10052000 10052999 42639 1000
S14 2 10053000 10053999 50499 1000
S14 2 10054000 10054999 50689 1000
S14 2 10055000 10055999 51714 1000
S14 2 10056000 10056999 51637 999
S14 2 10057000 10057999 48498 999
S14 2 10058000 10058999 48897 1000
S14 2 10059000 10059999 48378 1000
S14 2 10060000 10060999 49291 1000
S14 2 10061000 10061999 48042 1000
S14 2 10062000 10062999 45684 1000
S14 2 10063000 10063999 46906 999
S14 2 10064000 10064999 46234 1000
S14 2 10065000 10065999 44585 1000
S14 2 10066000 10066999 50083 1000
S14 2 10067000 10067999 48229 1000
S14 2 10068000 10068999 42854 1000
S14 2 10069000 10069999 43865 1000
S14 2 10070000 10070999 42463 1000
S14 2 10071000 10071999 51950 1000
S14 2 10072000 10072999 44164 1000
S14 2 10073000 10073999 45982 1000
S14 2 10074000 10074999 45957 1000
S14 2 10075000 10075999 43424 1000
S14 2 10076000 10076999 43742 997
S14 2 10077000 10077999 54178 1000
S14 2 10078000 10078999 57413 1000
S14 2 10079000 10079999 47086 1000
S14 2 10080000 10080999 46675 1000
S14 2 10081000 10081999 51180 1000
S14 2 10082000 10082999 51249 999
S14 2 10083000 10083999 47959 1000
S14 2 10084000 10084999 44555 1000
S14 2 10085000 10085999 53812 1000
S14 2 10086000 10086999 48836 1000
S14 2 10087000 10087999 49871 1000
S14 2 10088000 10088999 41658 1000
S14 2 10089000 10089999 47827 998
S14 2 10090000 10090999 52937 991
S14 2 10091000 10091999 50475 1000
S14 2 10092000 10092999 50148 1000
S14 2 10093000 10093999 51241 1000
S14 2 10094000 10094999 48411 1000
S14 2 10095000 10095999 40347 1000
S14 2 10096000 10096999 48680 1000
S14 2 10097000 10097999 50224 1000
S14 2 10098000 10098999 48417 1000
S14 2 10099000 10099999 46665 999
S14 2 10100000 10100999 39793 1000
S14 2 10101000 10101999 45324 999
S14 2 10102000 10102999 50743 1000
S14 2 10103000 10103999 43373 998
S14 2 10104000 10104999 43670 1000
S14 2 10105000 10105999 25953 999
S14 2 10106000 10106999 29152 999
S14 2 10107000 10107999 42070 1000
S14 2 10108000 10108999 24291 1000
S14 2 10109000 10109999 52047 998
S14 2 10110000 10110999 48064 1000
S14 2 10111000 10111999 48967 1000
S14 2 10112000 10112999 47700 1000
S14 2 10113000 10113999 45864 1000
S14 2 10114000 10114999 45794 1000
S14 2 10115000 10115999 40304 997
S14 2 10116000 10116999 45872 1000
S14 2 10117000 10117999 49410 1000
S14 2 10118000 10118999 49482 1000
S14 2 10119000 10119999 49330 1000
S14 2 10120000 10120999 51600 1000
S14 2 10121000 10121999 52283 1000
S14 2 10122000 10122999 48262 1000
S14 2 10123000 10123999 10667 232
S15 2 10007000 10007999 36674 787
S15 2 10008000 10008999 48095 1000
S15 2 10009000 10009999 43127 993
S15 2 10010000 10010999 42197 999
S15 2 10011000 10011999 51530 1000
S15 2 10012000 10012999 45650 998
S15 2 10013000 10013999 45454 999
S15 2 10014000 10014999 43942 1000
S15 2 10015000 10015999 40719 1000
S15 2 10016000 10016999 42684 1000
S15 2 10017000 10017999 46087 1000
S15 2 10018000 10018999 44934 1000
S15 2 10019000 10019999 45507 1000
S15 2 10020000 10020999 42982 999
S15 2 10021000 10021999 44172 1000
S15 2 10022000 10022999 49341 996
S15 2 10023000 10023999 43290 999
S15 2 10024000 10024999 38582 1000
S15 2 10025000 10025999 44297 1000
S15 2 10026000 10026999 42691 999
S15 2 10027000 10027999 44346 1000
S15 2 10028000 10028999 41180 1000
S15 2 10029000 10029999 42568 1000
S15 2 10030000 10030999 44455 1000
S15 2 10031000 10031999 44001 1000
S15 2 10032000 10032999 44385 1000
S15 2 10033000 10033999 44959 1000
S15 2 10034000 10034999 45450 1000
S15 2 10035000 10035999 43985 1000
S15 2 10036000 10036999 39206 1000
S15 2 10037000 10037999 35561 1000
S15 2 10038000 10038999 42279 1000
S15 2 10039000 10039999 45642 1000
S15 2 10040000 10040999 45628 1000
S15 2 10041000 10041999 42806 1000
S15 2 10042000 10042999 37793 1000
S15 2 10043000 10043999 45717 1000
S15 2 10044000 10044999 42390 1000
S15 2 10045000 10045999 47731 999
S15 2 10046000 10046999 46090 1000
S15 2 10047000 10047999 41538 1000
S15 2 10048000 10048999 45354 1000
S15 2 10049000 10049999 42677 1000
S15 2 10050000 10050999 39792 1000
S15 2 10051000 10051999 38725 1000
S15 2 10052000 10052999 39572 1000
S15 2 10053000 10053999 42847 1000
S15 2 10054000 10054999 45724 1000
S15 2 10055000 10055999 45776 1000
S15 2 10056000 10056999 50032 999
S15 2 10057000 10057999 40236 999
S15 2 10058000 10058999 41719 1000
S15 2 10059000 10059999 51981 1000
S15 2 10060000 10060999 48788 1000
S15 2 10061000 10061999 39499 1000
S15 2 10062000 10062999 40626 1000
S15 2 10063000 10063999 48570 999
S15 2 10064000 10064999 42710 1000
S15 2 10065000 10065999 40791 1000
S15 2 10066000 10066999 43978 1000
S15 2 10067000 10067999 41493 1000
S15 2 10068000 10068999 36105 1000
S15 2 10069000 10069999 41742 1000
S15 2 10070000 10070999 41120 1000
S15 2 10071000 10071999 49776 1000
S15 2 10072000 10072999 46304 1000
S15 2 10073000 10073999 48716 1000
S15 2 10074000 10074999 44860 1000
S15 2 10075000 10075999 44995 1000
S15 2 10076000 10076999 43443 997
S15 2 10077000 10077999 43163 1000
S15 2 10078000 10078999 47013 1000
S15 2 10079000 10079999 46045 1000
S15 2 10080000 10080999 50706 1000
S15 2 10081000 10081999 44090 1000
S15 2 10082000 10082999 44429 999
S15 2 10083000 10083999 42624 1000
S15 2 10084000 10084999 42423 1000
S15 2 10085000 10085999 41738 1000
S15 2 10086000 10086999 47397 1000
S15 2 10087000 10087999 36360 1000
S15 2 10088000 10088999 46841 1000
S15 2 10089000 10089999 51751 998
S15 2 10090000 10090999 46395 991
S15 2 10091000 10091999 44852 1000
S15 2 10092000 10092999 45926 1000
S15 2 10093000 10093999 43939 1000
S15 2 10094000 10094999 44890 1000
S15 2 10095000 10095999 46763 1000
S15 2 10096000 10096999 45758 1000
S15 2 10097000 10097999 46844 1000
S15 2 10098000 10098999 43235 1000
S15 2 10099000 10099999 40451 999
S15 2 10100000 10100999 47333 1000
S15 2 10101000 10101999 49538 999
S15 2 10102000 10102999 46176 1000
S15 2 10103000 10103999 40698 998
S15 2 10104000 10104999 37397 1000
S15 2 10105000 10105999 38700 999
S15 2 10106000 10106999 28383 999
S15 2 10107000 10107999 40879 1000
S15 2 10108000 10108999 22214 1000
S15 2 10109000 10109999 45738 998
S15 2 10110000 10110999 44058 1000
S15 2 10111000 10111999 43863 1000
S15 2 10112000 10112999 44295 1000
S15 2 10113000 10113999 49313 1000
S15 2 10114000 10114999 44657 1000
S15 2 10115000 10115999 46788 997
S15 2 10116000 10116999 46593 1000
S15 2 10117000 10117999 50223 1000
S15 2 10118000 10118999 53771 1000
S15 2 10119000 10119999 45898 1000
S15 2 10120000 10120999 39493 1000
S15 2 10121000 10121999 48423 1000
S15 2 10122000 10122999 46209 1000
S15 2 10123000 10123999 9856 232
S16 2 10007000 10007999 27755 787
S16 2 10008000 10008999 36567 1000
S16 2 10009000 10009999 34298 993
S16 2 10010000 10010999 39065 999
S16 2 10011000 10011999 43313 1000
S16 2 10012000 10012999 39525 998
S16 2 10013000 10013999 35311 999
S16 2 10014000 10014999 30566 1000
S16 2 10015000 10015999 31604 1000
S16 2 10016000 10016999 34006 1000
S16 2 10017000 10017999 35311 1000
S16 2 10018000 10018999 34118 1000
S16 2 10019000 10019999 35006 1000
S16 2 10020000 10020999 37662 999
S16 2 10021000 10021999 39852 1000
S16 2 10022000 10022999 40870 996
S16 2 10023000 10023999 38702 999
S16 2 10024000 10024999 39049 1000
S16 2 10025000 10025999 38586 1000
S16 2 10026000 10026999 35368 999
S16 2 10027000 10027999 38072 1000
S16 2 10028000 10028999 32171 1000
S16 2 10029000 10029999 35845 1000
S16 2 10030000 10030999 34248 1000
S16 2 10031000 10031999 38418 1000
S16 2 10032000 10032999 38078 1000
S16 2 10033000 10033999 33596 1000
S16 2 10034000 10034999 35341 1000
S16 2 10035000 10035999 36439 1000
S16 2 10036000 10036999 35077 1000
S16 2 10037000 10037999 38711 1000
S16 2 10038000 10038999 36153 1000
S16 2 10039000 10039999 35457 1000
S16 2 10040000 10040999 36652 1000
S16 2 10041000 10041999 33656 1000
S16 2 10042000 10042999 35469 1000
S16 2 10043000 10043999 34113 1000
S16 2 10044000 10044999 40070 1000
S16 2 10045000 10045999 41131 999
S16 2 10046000 10046999 36141 1000
S16 2 10047000 10047999 36344 1000
S16 2 10048000 10048999 35331 1000
S16 2 10049000 10049999 37993 1000
S16 2 10050000 10050999 36250 1000
S16 2 10051000 10051999 34878 1000
S16 2 10052000 10052999 36148 1000
S16 2 10053000 10053999 38296 1000
S16 2 10054000 10054999 35721 1000
S16 2 10055000 10055999 36037 1000
S16 2 10056000 10056999 40396 999
S16 2 10057000 10057999 35615 999
S16 2 10058000 10058999 35786 1000
S16 2 10059000 10059999 38263 1000
S16 2 10060000 10060999 39355 1000
S16 2 10061000 10061999 36732 1000
S16 2 10062000 10062999 41729 1000
S16 2 10063000 10063999 36816 999
S16 2 10064000 10064999 37861 1000
S16 2 10065000 10065999 33886 1000
S16 2 10066000 10066999 35327 1000
S16 2 10067000 10067999 35882 1000
S16 2 10068000 10068999 35458 1000
S16 2 10069000 10069999 36400 1000
S16 2 10070000 10070999 35749 1000
S16 2 10071000 10071999 37600 1000
S16 2 10072000 10072999 31977 1000
S16 2 10073000 10073999 36888 1000
S16 2 10074000 10074999 37447 1000
S16 2 10075000 10075999 32351 1000
S16 2 10076000 10076999 36530 997
S16 2 10077000 10077999 39992 1000
S16 2 10078000 10078999 40143 1000
S16 2 10079000 10079999 35967 1000
S16 2 10080000 10080999 39125 1000
S16 2 10081000 10081999 36605 1000
S16 2 10082000 10082999 36350 999
S16 2 10083000 10083999 37624 1000
S16 2 10084000 10084999 36155 1000
S16 2 10085000 10085999 34771 1000
S16 2 10086000 10086999 34477 1000
S16 2 10087000 10087999 32750 1000
S16 2 10088000 10088999 33435 1000
S16 2 10089000 10089999 38337 998
S16 2 10090000 10090999 37978 991
S16 2 10091000 10091999 36529 1000
S16 2 10092000 10092999 34820 1000
S16 2 10093000 10093999 41967 1000
S16 2 10094000 10094999 38400 1000
S16 2 10095000 10095999 32158 1000
S16 2 10096000 10096999 32531 1000
S16 2 10097000 10097999 32112 1000
S16 2 10098000 10098999 36281 1000
S16 2 10099000 10099999 37317 999
S16 2 10100000 10100999 46641 1000
S16 2 10101000 10101999 38284 999
S16 2 10102000 10102999 28230 1000
S16 2 10103000 10103999 35354 998
S16 2 10104000 10104999 36085 1000
S16 2 10105000 10105999 23092 999
S16 2 10106000 10106999 14701 999
S16 2 10107000 10107999 31314 1000
S16 2 10108000 10108999 15849 1000
S16 2 10109000 10109999 39714 998
S16 2 10110000 10110999 33112 1000
S16 2 10111000 10111999 36666 1000
S16 2 10112000 10112999 36280 1000
S16 2 10113000 10113999 39924 1000
S16 2 10114000 10114999 37897 1000
S16 2 10115000 10115999 34594 997
S16 2 10116000 10116999 41725 1000
S16 2 10117000 10117999 36980 1000
S16 2 10118000 10118999 38009 1000
S16 2 10119000 10119999 41123 1000
S16 2 10120000 10120999 39103 1000
S16 2 10121000 10121999 33832 1000
S16 2 10122000 10122999 38394 1000
S16 2 10123000 10123999 9414 232
S17 2 10007000 10007999 30877 787
S17 2 10008000 10008999 44848 1000
S17 2 10009000 10009999 42941 993
S17 2 10010000 10010999 44402 999
S17 2 10011000 10011999 45777 1000
S17 2 10012000 10012999 40154 998
S17 2 10013000 10013999 44839 999
S17 2 10014000 10014999 40764 1000
S17 2 10015000 10015999 45011 1000
S17 2 10016000 10016999 41019 1000
S17 2 10017000 10017999 46034 1000
S17 2 10018000 10018999 45730 1000
S17 2 10019000 10019999 45323 1000
S17 2 10020000 10020999 43785 999
S17 2 10021000 10021999 45218 1000
S17 2 10022000 10022999 48959 996
S17 2 10023000 10023999 42356 999
S17 2 10024000 10024999 44811 1000
S17 2 10025000 10025999 43268 1000
S17 2 10026000 10026999 41002 999
S17 2 10027000 10027999 38300 1000
S17 2 10028000 10028999 44667 1000
S17 2 10029000 10029999 41886 1000
S17 2 10030000 10030999 42144 1000
S17 2 10031000 10031999 43355 1000
S17 2 10032000 10032999 42783 1000
S17 2 10033000 10033999 39819 1000
S17 2 10034000 10034999 37896 1000
S17 2 10035000 10035999 43387 1000
S17 2 10036000 10036999 47875 1000
S17 2 10037000 10037999 45631 1000
S17 2 10038000 10038999 42022 1000
S17 2 10039000 10039999 41907 1000
S17 2 10040000 10040999 42838 1000
S17 2 10041000 10041999 40903 1000
S17 2 10042000 10042999 39046 1000
S17 2 10043000 10043999 39059 1000
S17 2 10044000 10044999 36499 1000
S17 2 10045000 10045999 39598 999
S17 2 10046000 10046999 43414 1000
S17 2 10047000 10047999 46610 1000
S17 2 10048000 10048999 38578 1000
S17 2 10049000 10049999 45287 1000
S17 2 10050000 10050999 47443 1000
S17 2 10051000 10051999 43482 1000
S17 2 10052000 10052999 41030 1000
S17 2 10053000 10053999 40431 1000
S17 2 10054000 10054999 49248 1000
S17 2 10055000 10055999 38220 1000
S17 2 10056000 10056999 52835 999
S17 2 10057000 10057999 46286 999
S17 2 10058000 10058999 42896 1000
S17 2 10059000 10059999 40880 1000
S17 2 10060000 10060999 42356 1000
S17 2 10061000 10061999 39670 1000
S17 2 10062000 10062999 39935 1000
S17 2 10063000 10063999 45918 999
S17 2 10064000 10064999 37094 1000
S17 2 10065000 10065999 35369 1000
S17 2 10066000 10066999 31127 1000
S17 2 10067000 10067999 37837 1000
S17 2 10068000 10068999 37994 1000
S17 2 10069000 10069999 40479 1000
S17 2 10070000 10070999 41091 1000
S17 2 10071000 10071999 42135 1000
S17 2 10072000 10072999 40381 1000
S17 2 10073000 10073999 40943 1000
S17 2 10074000 10074999 42956 1000
S17 2 10075000 10075999 42416 1000
S17 2 10076000 10076999 43674 997
S17 2 10077000 10077999 41568 1000
S17 2 10078000 10078999 45387 1000
S17 2 10079000 10079999 38057 1000
S17 2 10080000 10080999 44750 1000
S17 2 10081000 10081999 41865 1000
S17 2 10082000 10082999 43908 999
S17 2 10083000 10083999 50427 1000
S17 2 10084000 10084999 47869 1000
S17 2 10085000 10085999 40290 1000
S17 2 10086000 10086999 45861 1000
S17 2 10087000 10087999 40346 1000
S17 2 10088000 10088999 43093 1000
S17 2 10089000 10089999 45227 998
S17 2 10090000 10090999 43612 991
S17 2 10091000 10091999 42811 1000
S17 2 10092000 10092999 46607 1000
S17 2 10093000 10093999 44937 1000
S17 2 10094000 10094999 51121 1000
S17 2 10095000 10095999 44118 1000
S17 2 10096000 10096999 45468 1000
S17 2 10097000 10097999 42560 1000
S17 2 10098000 10098999 45733 1000
S17 2 10099000 10099999 40823 999
S17 2 10100000 10100999 45268 1000
S17 2 10101000 10101999 48986 999
S17 2 10102000 10102999 46705 1000
S17 2 10103000 10103999 43284 998
S17 2 10104000 10104999 39224 1000
S17 2 10105000 10105999 35231 999
S17 2 10106000 10106999 23976 999
S17 2 10107000 10107999 42193 1000
S17 2 10108000 10108999 15417 1000
S17 2 10109000 10109999 44397 998
S17 2 10110000 10110999 38006 1000
S17 2 10111000 10111999 43744 1000
S17 2 10112000 10112999 45543 1000
S17 2 10113000 10113999 45622 1000
S17 2 10114000 10114999 48613 1000
S17 2 10115000 10115999 43188 997
S17 2 10116000 10116999 41466 1000
S17 2 10117000 10117999 43213 1000
S17 2 10118000 10118999 42246 1000
S17 2 10119000 10119999 42392 1000
S17 2 10120000 10120999 45852 1000
S17 2 10121000 10121999 46753 1000
S17 2 10122000 10122999 41437 1000
S17 2 10123000 10123999 10239 232
S18 2 10007000 10007999 28716 787
S18 2 10008000 10008999 38681 1000
S18 2 10009000 10009999 34620 993
S18 2 10010000 10010999 35863 999
S18 2 10011000 10011999 37416 1000
S18 2 10012000 10012999 41395 998
S18 2 10013000 10013999 36035 999
S18 2 10014000 10014999 35863 1000
S18 2 10015000 10015999 32991 1000
S18 2 10016000 10016999 37184 1000
S18 2 10017000 10017999 36291 1000
S18 2 10018000 10018999 39446 1000
S18 2 10019000 10019999 34129 1000
S18 2 10020000 10020999 35967 999
S18 2 10021000 10021999 37174 1000
S18 2 10022000 10022999 37302 996
S18 2 10023000 10023999 36069 999
S18 2 10024000 10024999 41335 1000
S18 2 10025000 10025999 37740 1000
S18 2 10026000 10026999 30792 999
S18 2 10027000 10027999 32563 1000
S18 2 10028000 10028999 36395 1000
S18 2 10029000 10029999 33495 1000
S18 2 10030000 10030999 33912 1000
S18 2 10031000 10031999 36916 1000
S18 2 10032000 10032999 41008 1000
S18 2 10033000 10033999 41796 1000
S18 2 10034000 10034999 40682 1000
S18 2 10035000 10035999 37045 1000
S18 2 10036000 10036999 37527 1000
S18 2 10037000 10037999 35820 1000
S18 2 10038000 10038999 35099 1000
S18 2 10039000 10039999 36711 1000
S18 2 10040000 10040999 32308 1000
S18 2 10041000 10041999 32103 1000
S18 2 10042000 10042999 38065 1000
S18 2 10043000 10043999 35718 1000
S18 2 10044000 10044999 37088 1000
S18 2 10045000 10045999 30706 999
S18 2 10046000 10046999 34545 1000
S18 2 10047000 10047999 40668 1000
S18 2 10048000 10048999 35642 1000
S18 2 10049000 10049999 36890 1000
S18 2 10050000 10050999 36566 1000
S18 2 10051000 10051999 35447 1000
S18 2 10052000 10052999 38039 1000
S18 2 10053000 10053999 35238 1000
S18 2 10054000 10054999 35015 1000
S18 2 10055000 10055999 33234 1000
S18 2 10056000 10056999 37521 999
S18 2 10057000 10057999 33431 999
S18 2 10058000 10058999 34586 1000
S18 2 10059000 10059999 31379 1000
S18 2 10060000 10060999 33245 1000
S18 2 10061000 10061999 37709 1000
S18 2 10062000 10062999 35153 1000
S18 2 10063000 10063999 34665 999
S18 2 10064000 10064999 33808 1000
S18 2 10065000 10065999 28459 1000
S18 2 10066000 10066999 35147 1000
S18 2 10067000 10067999 32625 1000
S18 2 10068000 10068999 29233 1000
S18 2 10069000 10069999 34964 1000
S18 2 10070000 10070999 34250 1000
S18 2 10071000 10071999 33759 1000
S18 2 10072000 10072999 34947 1000
S18 2 10073000 10073999 37072 1000
S18 2 10074000 10074999 40366 1000
S18 2 10075000 10075999 33851 1000
S18 2 10076000 10076999 31604 997
S18 2 10077000 10077999 38536 1000
S18 2 10078000 10078999 38784 1000
S18 2 10079000 10079999 35523 1000
S18 2 10080000 10080999 32500 1000
S18 2 10081000 10081999 35891 1000
S18 2 10082000 10082999 34722 999
S18 2 10083000 10083999 30469 1000
S18 2 10084000 10084999 36636 1000
S18 2 10085000 10085999 34289 1000
S18 2 10086000 10086999 36657 1000
S18 2 10087000 10087999 35021 1000
S18 2 10088000 10088999 33310 1000
S18 2 10089000 10089999 34070 998
S18 2 10090000 10090999 33607 991
S18 2 10091000 10091999 36783 1000
S18 2 10092000 10092999 34887 1000
S18 2 10093000 10093999 35186 1000
S18 2 10094000 10094999 36834 1000
S18 2 10095000 10095999 32745 1000
S18 2 10096000 10096999 29477 1000
S18 2 10097000 10097999 30194 1000
S18 2 10098000 10098999 39404 1000
S18 2 10099000 10099999 37953 999
S18 2 10100000 10100999 38426 1000
S18 2 10101000 10101999 35020 999
S18 2 10102000 10102999 38923 1000
S18 2 10103000 10103999 36387 998
S18 2 10104000 10104999 35797 1000
S18 2 10105000 10105999 21876 999
S18 2 10106000 10106999 31494 999
S18 2 10107000 10107999 31976 1000
S18 2 10108000 10108999 13425 1000
S18 2 10109000 10109999 32355 998
S18 2 10110000 10110999 32801 1000
S18 2 10111000 10111999 37966 1000
S18 2 10112000 10112999 35454 1000
S18 2 10113000 10113999 37876 1000
S18 2 10114000 10114999 30327 1000
S18 2 10115000 10115999 34227 997
S18 2 10116000 10116999 43885 1000
S18 2 10117000 10117999 44373 1000
S18 2 10118000 10118999 33945 1000
S18 2 10119000 10119999 37878 1000
S18 2 10120000 10120999 39290 1000
S18 2 10121000 10121999 37968 1000
S18 2 10122000 10122999 33912 1000
S18 2 10123000 10123999 6489 232
S19 2 10007000 10007999 32014 787
S19 2 10008000 10008999 56018 1000
S19 2 10009000 10009999 47880 993
S19 2 10010000 10010999 44854 999
S19 2 10011000 10011999 51726 1000
S19 2 10012000 10012999 51085 998
S19 2 10013000 10013999 44187 999
S19 2 10014000 10014999 44559 1000
S19 2 10015000 10015999 48004 1000
S19 2 10016000 10016999 41931 1000
S19 2 10017000 10017999 42368 1000
S19 2 10018000 10018999 44549 1000
S19 2 10019000 10019999 49775 1000
S19 2 10020000 10020999 45691 999
S19 2 10021000 10021999 48351 1000
S19 2 10022000 10022999 49245 996
S19 2 10023000 10023999 45822 999
S19 2 10024000 10024999 54133 1000
S19 2 10025000 10025999 47987 1000
S19 2 10026000 10026999 42877 999
S19 2 10027000 10027999 50840 1000
S19 2 10028000 10028999 50434 1000
S19 2 10029000 10029999 48545 1000
S19 2 10030000 10030999 52237 1000
S19 2 10031000 10031999 42856 1000
S19 2 10032000 10032999 49610 1000
S19 2 10033000 10033999 46179 1000
S19 2 10034000 10034999 47750 1000
S19 2 10035000 10035999 44604 1000
S19 2 10036000 10036999 48306 1000
S19 2 10037000 10037999 44781 1000
S19 2 10038000 10038999 49824 1000
S19 2 10039000 10039999 43226 1000
S19 2 10040000 10040999 48102 1000
S19 2 10041000 10041999 45443 1000
S19 2 10042000 10042999 41884 1000
S19 2 10043000 10043999 43881 1000
S19 2 10044000 10044999 47077 1000
S19 2 10045000 10045999 50830 999
S19 2 10046000 10046999 47598 1000
S19 2 10047000 10047999 50878 1000
S19 2 10048000 10048999 47203 1000
S19 2 10049000 10049999 48471 1000
S19 2 10050000 10050999 42623 1000
S19 2 10051000 10051999 43981 1000
S19 2 10052000 10052999 50143 1000
S19 2 10053000 10053999 49747 1000
S19 2 10054000 10054999 47706 1000
S19 2 10055000 10055999 45222 1000
S19 2 10056000 10056999 49648 999
S19 2 10057000 10057999 46330 999
S19 2 10058000 10058999 48799 1000
S19 2 10059000 10059999 48213 1000
S19 2 10060000 10060999 47248 1000
S19 2 10061000 10061999 43536 1000
S19 2 10062000 10062999 42877 1000
S19 2 10063000 10063999 55812 999
S19 2 10064000 10064999 48965 1000
S19 2 10065000 10065999 50839 1000
S19 2 10066000 10066999 45516 1000
S19 2 10067000 10067999 41912 1000
S19 2 10068000 10068999 39811 1000
S19 2 10069000 10069999 43321 1000
S19 2 10070000 10070999 45124 1000
S19 2 10071000 10071999 50022 1000
S19 2 10072000 10072999 43146 1000
S19 2 10073000 10073999 45045 1000
S19 2 10074000 10074999 47968 1000
S19 2 10075000 10075999 43589 1000
S19 2 10076000 10076999 44647 997
S19 2 10077000 10077999 49118 1000
S19 2 10078000 10078999 45781 1000
S19 2 10079000 10079999 43872 1000
S19 2 10080000 10080999 49678 1000
S19 2 10081000 10081999 47876 1000
S19 2 10082000 10082999 46814 999
S19 2 10083000 10083999 46351 1000
S19 2 10084000 10084999 46717 1000
S19 2 10085000 10085999 50338 1000
S19 2 10086000 10086999 46214 1000
S19 2 10087000 10087999 44357 1000
S19 2 10088000 10088999 48936 1000
S19 2 10089000 10089999 53012 998
S19 2 10090000 10090999 46747 991
S19 2 10091000 10091999 51175 1000
S19 2 10092000 10092999 51845 1000
S19 2 10093000 10093999 51088 1000
S19 2 10094000 10094999 52901 1000
S19 2 10095000 10095999 37482 1000
S19 2 10096000 10096999 50888 1000
S19 2 10097000 10097999 52352 1000
S19 2 10098000 10098999 50146 1000
S19 2 10099000 10099999 46039 999
S19 2 10100000 10100999 45816 1000
S19 2 10101000 10101999 53434 999
S19 2 10102000 10102999 53431 1000
S19 2 10103000 10103999 45088 998
S19 2 10104000 10104999 51789 1000
S19 2 10105000 10105999 36237 999
S19 2 10106000 10106999 27863 999
S19 2 10107000 10107999 39634 1000
S19 2 10108000 10108999 24541 1000
S19 2 10109000 10109999 47525 998
S19 2 10110000 10110999 38758 1000
S19 2 10111000 10111999 50395 1000
S19 2 10112000 10112999 45988 1000
S19 2 10113000 10113999 46667 1000
S19 2 10114000 10114999 42429 1000
S19 2 10115000 10115999 45517 997
S19 2 10116000 10116999 45313 1000
S19 2 10117000 10117999 44811 1000
S19 2 10118000 10118999 51249 1000
S19 2 10119000 10119999 51801 1000
S19 2 10120000 10120999 50558 1000
S19 2 10121000 10121999 46958 1000
S19 2 10122000 10122999 45566 1000
S19 2 10123000 10123999 12634 232
S2 2 10007000 10007999 34676 787
S2 2 10008000 10008999 45524 1000
S2 2 10009000 10009999 47962 993
S2 2 10010000 10010999 46898 999
S2 2 10011000 10011999 47737 1000
S2 2 10012000 10012999 39774 998
S2 2 10013000 10013999 40701 999
S2 2 10014000 10014999 43173 1000
S2 2 10015000 10015999 41599 1000
S2 2 10016000 10016999 39280 1000
S2 2 10017000 10017999 44133 1000
S2 2 10018000 10018999 46910 1000
S2 2 10019000 10019999 44135 1000
S2 2 10020000 10020999 38360 999
S2 2 10021000 10021999 44421 1000
S2 2 10022000 10022999 42437 996
S2 2 10023000 10023999 38822 999
S2 2 10024000 10024999 44197 1000
S2 2 10025000 10025999 41364 1000
S2 2 10026000 10026999 38806 999
S2 2 10027000 10027999 38275 1000
S2 2 10028000 10028999 39639 1000
S2 2 10029000 10029999 41219 1000
S2 2 10030000 10030999 44647 1000
S2 2 10031000 10031999 43839 1000
S2 2 10032000 10032999 39873 1000
S2 2 10033000 10033999 42641 1000
S2 2 10034000 10034999 40200 1000
S2 2 10035000 10035999 45437 1000
S2 2 10036000 10036999 47157 1000
S2 2 10037000 10037999 43498 1000
S2 2 10038000 10038999 49860 1000
S2 2 10039000 10039999 48287 1000
S2 2 10040000 10040999 44403 1000
S2 2 10041000 10041999 43010 1000
S2 2 10042000 10042999 39210 1000
S2 2 10043000 10043999 43608 1000
S2 2 10044000 10044999 42621 1000
S2 2 10045000 10045999 42773 999
S2 2 10046000 10046999 39513 1000
S2 2 10047000 10047999 38545 1000
S2 2 10048000 10048999 44994 1000
S2 2 10049000 10049999 42475 1000
S2 2 10050000 10050999 40898 1000
S2 2 10051000 10051999 43261 1000
S2 2 10052000 10052999 41053 1000
S2 2 10053000 10053999 41746 1000
S2 2 10054000 10054999 42308 1000
S2 2 10055000 10055999 14516 1000
S2 2 10056000 10056999 58615 999
S2 2 10057000 10057999 49451 999
S2 2 10058000 10058999 42494 1000
S2 2 10059000 10059999 36080 1000
S2 2 10060000 10060999 44508 1000
S2 2 10061000 10061999 42283 1000
S2 2 10062000 10062999 44213 1000
S2 2 10063000 10063999 46246 999
S2 2 10064000 10064999 38366 1000
S2 2 10065000 10065999 35051 1000
S2 2 10066000 10066999 38257 1000
S2 2 10067000 10067999 37466 1000
S2 2 10068000 10068999 36381 1000
S2 2 10069000 10069999 39075 1000
S2 2 10070000 10070999 39054 1000
S2 2 10071000 10071999 42501 1000
S2 2 10072000 10072999 45130 1000
S2 2 10073000 10073999 43360 1000
S2 2 10074000 10074999 46706 1000
S2 2 10075000 10075999 40129 1000
S2 2 10076000 10076999 42380 997
S2 2 10077000 10077999 42797 1000
S2 2 10078000 10078999 38592 1000
S2 2 10079000 10079999 39326 1000
S2 2 10080000 10080999 39735 1000
S2 2 10081000 10081999 37722 1000
S2 2 10082000 10082999 39980 999
S2 2 10083000 10083999 41950 1000
S2 2 10084000 10084999 40016 1000
S2 2 10085000 10085999 39839 1000
S2 2 10086000 10086999 35842 1000
S2 2 10087000 10087999 41583 1000
S2 2 10088000 10088999 41998 1000
S2 2 10089000 10089999 42874 998
S2 2 10090000 10090999 41784 991
S2 2 10091000 10091999 43811 1000
S2 2 10092000 10092999 45529 1000
S2 2 10093000 10093999 42868 1000
S2 2 10094000 10094999 44338 1000
S2 2 10095000 10095999 42412 1000
S2 2 10096000 10096999 39878 1000
S2 2 10097000 10097999 45558 1000
S2 2 10098000 10098999 42412 1000
S2 2 10099000 10099999 41999 999
S2 2 10100000 10100999 39174 1000
S2 2 10101000 10101999 39277 999
S2 2 10102000 10102999 43749 1000
S2 2 10103000 10103999 40674 998
S2 2 10104000 10104999 39492 1000
S2 2 10105000 10105999 3875 999
S2 2 10106000 10106999 2631 999
S2 2 10107000 10107999 23263 1000
S2 2 10108000 10108999 15699 1000
S2 2 10109000 10109999 42138 998
S2 2 10110000 10110999 41972 1000
S2 2 10111000 10111999 39945 1000
S2 2 10112000 10112999 41386 1000
S2 2 10113000 10113999 43418 1000
S2 2 10114000 10114999 41645 1000
S2 2 10115000 10115999 38463 997
S2 2 10116000 10116999 40468 1000
S2 2 10117000 10117999 39984 1000
S2 2 10118000 10118999 42567 1000
S2 2 10119000 10119999 50320 1000
S2 2 10120000 10120999 47686 1000
S2 2 10121000 10121999 47669 1000
S2 2 10122000 10122999 44352 1000
S2 2 10123000 10123999 11118 232
S20 2 10007000 10007999 36894 787
S20 2 10008000 10008999 50985 1000
S20 2 10009000 10009999 47894 993
S20 2 10010000 10010999 46915 999
S20 2 10011000 10011999 48398 1000
S20 2 10012000 10012999 52916 998
S20 2 10013000 10013999 47918 999
S20 2 10014000 10014999 45041 1000
S20 2 10015000 10015999 46062 1000
S20 2 10016000 10016999 46966 1000
S20 2 10017000 10017999 53881 1000
S20 2 10018000 10018999 48860 1000
S20 2 10019000 10019999 44892 1000
S20 2 10020000 10020999 49183 999
S20 2 10021000 10021999 49675 1000
S20 2 10022000 10022999 56888 996
S20 2 10023000 10023999 48179 999
S20 2 10024000 10024999 46556 1000
S20 2 10025000 10025999 53417 1000
S20 2 10026000 10026999 45344 999
S20 2 10027000 10027999 49223 1000
S20 2 10028000 10028999 41147 1000
S20 2 10029000 10029999 44913 1000
S20 2 10030000 10030999 53067 1000
S20 2 10031000 10031999 42442 1000
S20 2 10032000 10032999 48556 1000
S20 2 10033000 10033999 52618 1000
S20 2 10034000 10034999 46884 1000
S20 2 10035000 10035999 43433 1000
S20 2 10036000 10036999 51955 1000
S20 2 10037000 10037999 43581 1000
S20 2 10038000 10038999 44393 1000
S20 2 10039000 10039999 43910 1000
S20 2 10040000 10040999 49625 1000
S20 2 10041000 10041999 47850 1000
S20 2 10042000 10042999 46980 1000
S20 2 10043000 10043999 47051 1000
S20 2 10044000 10044999 46392 1000
S20 2 10045000 10045999 43951 999
S20 2 10046000 10046999 43888 1000
S20 2 10047000 10047999 50179 1000
S20 2 10048000 10048999 45646 1000
S20 2 10049000 10049999 45082 1000
S20 2 10050000 10050999 47921 1000
S20 2 10051000 10051999 47523 1000
S20 2 10052000 10052999 53820 1000
S20 2 10053000 10053999 45076 1000
S20 2 10054000 10054999 48290 1000
S20 2 10055000 10055999 38794 1000
S20 2 10056000 10056999 58214 999
S20 2 10057000 10057999 52978 999
S20 2 10058000 10058999 50791 1000
S20 2 10059000 10059999 46178 1000
S20 2 10060000 10060999 43628 1000
S20 2 10061000 10061999 42848 1000
S20 2 10062000 10062999 49563 1000
S20 2 10063000 10063999 48926 999
S20 2 10064000 10064999 43995 1000
S20 2 10065000 10065999 43760 1000
S20 2 10066000 10066999 47816 1000
S20 2 10067000 10067999 45068 1000
S20 2 10068000 10068999 39753 1000
S20 2 10069000 10069999 44451 1000
S20 2 10070000 10070999 44902 1000
S20 2 10071000 10071999 45151 1000
S20 2 10072000 10072999 47060 1000
S20 2 10073000 10073999 44302 1000
S20 2 10074000 10074999 45215 1000
S20 2 10075000 10075999 44175 1000
S20 2 10076000 10076999 47392 997
S20 2 10077000 10077999 50786 1000
S20 2 10078000 10078999 48563 1000
S20 2 10079000 10079999 48498 1000
S20 2 10080000 10080999 44210 1000
S20 2 10081000 10081999 50996 1000
S20 2 10082000 10082999 44608 999
S20 2 10083000 10083999 50995 1000
S20 2 10084000 10084999 42983 1000
S20 2 10085000 10085999 49975 1000
S20 2 10086000 10086999 44793 1000
S20 2 10087000 10087999 44207 1000
S20 2 10088000 10088999 44383 1000
S20 2 10089000 10089999 48638 998
S20 2 10090000 10090999 47659 991
S20 2 10091000 10091999 49489 1000
S20 2 10092000 10092999 53926 1000
S20 2 10093000 10093999 49071 1000
S20 2 10094000 10094999 51413 1000
S20 2 10095000 10095999 43902 1000
S20 2 10096000 10096999 51739 1000
S20 2 10097000 10097999 50253 1000
S20 2 10098000 10098999 45343 1000
S20 2 10099000 10099999 49909 999
S20 2 10100000 10100999 52047 1000
S20 2 10101000 10101999 43754 999
S20 2 10102000 10102999 49668 1000
S20 2 10103000 10103999 46996 998
S20 2 10104000 10104999 42631 1000
S20 2 10105000 10105999 27330 999
S20 2 10106000 10106999 28772 999
S20 2 10107000 10107999 39894 1000
S20 2 10108000 10108999 14507 1000
S20 2 10109000 10109999 46298 998
S20 2 10110000 10110999 40972 1000
S20 2 10111000 10111999 50540 1000
S20 2 10112000 10112999 50527 1000
S20 2 10113000 10113999 53214 1000
S20 2 10114000 10114999 46221 1000
S20 2 10115000 10115999 42908 997
S20 2 10116000 10116999 48775 1000
S20 2 10117000 10117999 51963 1000
S20 2 10118000 10118999 48031 1000
S20 2 10119000 10119999 51373 1000
S20 2 10120000 10120999 50090 1000
S20 2 10121000 10121999 49711 1000
S20 2 10122000 10122999 47719 1000
S20 2 10123000 10123999 10189 232
S21 2 10007000 10007999 39421 787
S21 2 10008000 10008999 57176 1000
S21 2 10009000 10009999 50855 993
S21 2 10010000 10010999 46353 999
S21 2 10011000 10011999 52799 1000
S21 2 10012000 10012999 56098 998
S21 2 10013000 10013999 47829 999
S21 2 10014000 10014999 50694 1000
S21 2 10015000 10015999 44615 1000
S21 2 10016000 10016999 47947 1000
S21 2 10017000 10017999 47461 1000
S21 2 10018000 10018999 54035 1000
S21 2 10019000 10019999 51407 1000
S21 2 10020000 10020999 44271 999
S21 2 10021000 10021999 58930 1000
S21 2 10022000 10022999 59019 996
S21 2 10023000 10023999 48374 999
S21 2 10024000 10024999 51320 1000
S21 2 10025000 10025999 52685 1000
S21 2 10026000 10026999 48896 999
S21 2 10027000 10027999 51547 1000
S21 2 10028000 10028999 45619 1000
S21 2 10029000 10029999 50823 1000
S21 2 10030000 10030999 59400 1000
S21 2 10031000 10031999 42161 1000
S21 2 10032000 10032999 53710 1000
S21 2 10033000 10033999 49865 1000
S21 2 10034000 10034999 51983 1000
S21 2 10035000 10035999 52699 1000
S21 2 10036000 10036999 50750 1000
S21 2 10037000 10037999 47886 1000
S21 2 10038000 10038999 55235 1000
S21 2 10039000 10039999 51118 1000
S21 2 10040000 10040999 49939 1000
S21 2 10041000 10041999 47087 1000
S21 2 10042000 10042999 49781 1000
S21 2 10043000 10043999 49567 1000
S21 2 10044000 10044999 49086 1000
S21 2 10045000 10045999 56605 999
S21 2 10046000 10046999 52535 1000
S21 2 10047000 10047999 48426 1000
S21 2 10048000 10048999 52409 1000
S21 2 10049000 10049999 55809 1000
S21 2 10050000 10050999 48026 1000
S21 2 10051000 10051999 51519 1000
S21 2 10052000 10052999 58083 1000
S21 2 10053000 10053999 49558 1000
S21 2 10054000 10054999 45407 1000
S21 2 10055000 10055999 46651 1000
S21 2 10056000 10056999 57267 999
S21 2 10057000 10057999 58423 999
S21 2 10058000 10058999 53511 1000
S21 2 10059000 10059999 51076 1000
S21 2 10060000 10060999 47213 1000
S21 2 10061000 10061999 45052 1000
S21 2 10062000 10062999 46866 1000
S21 2 10063000 10063999 55064 999
S21 2 10064000 10064999 46346 1000
S21 2 10065000 10065999 41104 1000
S21 2 10066000 10066999 43173 1000
S21 2 10067000 10067999 37696 1000
S21 2 10068000 10068999 41044 1000
S21 2 10069000 10069999 43535 1000
S21 2 10070000 10070999 46207 1000
S21 2 10071000 10071999 52359 1000
S21 2 10072000 10072999 47153 1000
S21 2 10073000 10073999 45809 1000
S21 2 10074000 10074999 50428 1000
S21 2 10075000 10075999 51843 1000
S21 2 10076000 10076999 49329 997
S21 2 10077000 10077999 55814 1000
S21 2 10078000 10078999 51016 1000
S21 2 10079000 10079999 45493 1000
S21 2 10080000 10080999 49900 1000
S21 2 10081000 10081999 51099 1000
S21 2 10082000 10082999 52839 999
S21 2 10083000 10083999 49018 1000
S21 2 10084000 10084999 49593 1000
S21 2 10085000 10085999 49967 1000
S21 2 10086000 10086999 56540 1000
S21 2 10087000 10087999 45079 1000
S21 2 10088000 10088999 53091 1000
S21 2 10089000 10089999 54774 998
S21 2 10090000 10090999 50157 991
S21 2 10091000 10091999 50727 1000
S21 2 10092000 10092999 48507 1000
S21 2 10093000 10093999 55405 1000
S21 2 10094000 10094999 57326 1000
S21 2 10095000 10095999 51754 1000
S21 2 10096000 10096999 51645 1000
S21 2 10097000 10097999 50260 1000
S21 2 10098000 10098999 55644 1000
S21 2 10099000 10099999 50803 999
S21 2 10100000 10100999 60027 1000
S21 2 10101000 10101999 45757 999
S21 2 10102000 10102999 49511 1000
S21 2 10103000 10103999 51405 998
S21 2 10104000 10104999 47101 1000
S21 2 10105000 10105999 43198 999
S21 2 10106000 10106999 34270 999
S21 2 10107000 10107999 44645 1000
S21 2 10108000 10108999 23373 1000
S21 2 10109000 10109999 50146 998
S21 2 10110000 10110999 47092 1000
S21 2 10111000 10111999 56391 1000
S21 2 10112000 10112999 52238 1000
S21 2 10113000 10113999 59147 1000
S21 2 10114000 10114999 45173 1000
S21 2 10115000 10115999 50052 997
S21 2 10116000 10116999 52450 1000
S21 2 10117000 10117999 54421 1000
S21 2 10118000 10118999 53201 1000
S21 2 10119000 10119999 57296 1000
S21 2 10120000 10120999 48379 1000
S21 2 10121000 10121999 51242 1000
S21 2 10122000 10122999 51009 1000
S21 2 10123000 10123999 13327 232
S22 2 10007000 10007999 22698 787
S22 2 10008000 10008999 26497 1000
S22 2 10009000 10009999 31443 993
S22 2 10010000 10010999 34666 999
S22 2 10011000 10011999 26452 1000
S22 2 10012000 10012999 20784 998
S22 2 10013000 10013999 27617 999
S22 2 10014000 10014999 39747 1000
S22 2 10015000 10015999 37358 1000
S22 2 10016000 10016999 38151 1000
S22 2 10017000 10017999 37574 1000
S22 2 10018000 10018999 38400 1000
S22 2 10019000 10019999 33806 1000
S22 2 10020000 10020999 29397 999
S22 2 10021000 10021999 27859 1000
S22 2 10022000 10022999 34371 996
S22 2 10023000 10023999 34502 999
S22 2 10024000 10024999 44311 1000
S22 2 10025000 10025999 26838 1000
S22 2 10026000 10026999 26030 999
S22 2 10027000 10027999 41314 1000
S22 2 10028000 10028999 35611 1000
S22 2 10029000 10029999 34379 1000
S22 2 10030000 10030999 30596 1000
S22 2 10031000 10031999 44171 1000
S22 2 10032000 10032999 42911 1000
S22 2 10033000 10033999 37914 1000
S22 2 10034000 10034999 31888 1000
S22 2 10035000 10035999 36633 1000
S22 2 10036000 10036999 35031 1000
S22 2 10037000 10037999 29102 1000
S22 2 10038000 10038999 36443 1000
S22 2 10039000 10039999 30386 1000
S22 2 10040000 10040999 29806 1000
S22 2 10041000 10041999 28368 1000
S22 2 10042000 10042999 31250 1000
S22 2 10043000 10043999 31495 1000
S22 2 10044000 10044999 25911 1000
S22 2 10045000 10045999 27302 999
S22 2 10046000 10046999 37541 1000
S22 2 10047000 10047999 43455 1000
S22 2 10048000 10048999 41158 1000
S22 2 10049000 10049999 43040 1000
S22 2 10050000 10050999 38167 1000
S22 2 10051000 10051999 41061 1000
S22 2 10052000 10052999 44642 1000
S22 2 10053000 10053999 37426 1000
S22 2 10054000 10054999 32086 1000
S22 2 10055000 10055999 33256 1000
S22 2 10056000 10056999 37928 999
S22 2 10057000 10057999 26381 999
S22 2 10058000 10058999 34632 1000
S22 2 10059000 10059999 22079 1000
S22 2 10060000 10060999 28217 1000
S22 2 10061000 10061999 33105 1000
S22 2 10062000 10062999 44543 1000
S22 2 10063000 10063999 34856 999
S22 2 10064000 10064999 28876 1000
S22 2 10065000 10065999 30140 1000
S22 2 10066000 10066999 28361 1000
S22 2 10067000 10067999 28514 1000
S22 2 10068000 10068999 27708 1000
S22 2 10069000 10069999 37343 1000
S22 2 10070000 10070999 30724 1000
S22 2 10071000 10071999 42507 1000
S22 2 10072000 10072999 29012 1000
S22 2 10073000 10073999 21444 1000
S22 2 10074000 10074999 26765 1000
S22 2 10075000 10075999 32999 1000
S22 2 10076000 10076999 29125 997
S22 2 10077000 10077999 33744 1000
S22 2 10078000 10078999 37921 1000
S22 2 10079000 10079999 37049 1000
S22 2 10080000 10080999 36394 1000
S22 2 10081000 10081999 30218 1000
S22 2 10082000 10082999 38771 999
S22 2 10083000 10083999 42073 1000
S22 2 10084000 10084999 39206 1000
S22 2 10085000 10085999 38939 1000
S22 2 10086000 10086999 31603 1000
S22 2 10087000 10087999 27299 1000
S22 2 10088000 10088999 43166 1000
S22 2 10089000 10089999 34221 998
S22 2 10090000 10090999 27427 991
S22 2 10091000 10091999 29055 1000
S22 2 10092000 10092999 29667 1000
S22 2 10093000 10093999 28701 1000
S22 2 10094000 10094999 31389 1000
S22 2 10095000 10095999 22912 1000
S22 2 10096000 10096999 27438 1000
S22 2 10097000 10097999 38520 1000
S22 2 10098000 10098999 41152 1000
S22 2 10099000 10099999 28834 999
S22 2 10100000 10100999 39427 1000
S22 2 10101000 10101999 39512 999
S22 2 10102000 10102999 37833 1000
S22 2 10103000 10103999 27443 998
S22 2 10104000 10104999 35010 1000
S22 2 10105000 10105999 22547 999
S22 2 10106000 10106999 17947 999
S22 2 10107000 10107999 21751 1000
S22 2 10108000 10108999 13287 1000
S22 2 10109000 10109999 38661 998
S22 2 10110000 10110999 23728 1000
S22 2 10111000 10111999 39466 1000
S22 2 10112000 10112999 36918 1000
S22 2 10113000 10113999 38251 1000
S22 2 10114000 10114999 34835 1000
S22 2 10115000 10115999 36825 997
S22 2 10116000 10116999 34798 1000
S22 2 10117000 10117999 30621 1000
S22 2 10118000 10118999 31200 1000
S22 2 10119000 10119999 37288 1000
S22 2 10120000 10120999 36595 1000
S22 2 10121000 10121999 34972 1000
S22 2 10122000 10122999 32836 1000
S22 2 10123000 10123999 8650 232
S3 2 10007000 10007999 36325 787
S3 2 10008000 10008999 55908 1000
S3 2 10009000 10009999 47238 993
S3 2 10010000 10010999 43224 999
S3 2 10011000 10011999 50359 1000
S3 2 10012000 10012999 57336 998
S3 2 10013000 10013999 52465 999
S3 2 10014000 10014999 42951 1000
S3 2 10015000 10015999 49780 1000
S3 2 10016000 10016999 46132 1000
S3 2 10017000 10017999 57874 1000
S3 2 10018000 10018999 50723 1000
S3 2 10019000 10019999 55756 1000
S3 2 10020000 10020999 50152 999
S3 2 10021000 10021999 53463 1000
S3 2 10022000 10022999 58903 996
S3 2 10023000 10023999 48930 999
S3 2 10024000 10024999 60129 1000
S3 2 10025000 10025999 59605 1000
S3 2 10026000 10026999 49733 999
S3 2 10027000 10027999 47801 1000
S3 2 10028000 10028999 47693 1000
S3 2 10029000 10029999 47633 1000
S3 2 10030000 10030999 44313 1000
S3 2 10031000 10031999 48352 1000
S3 2 10032000 10032999 45264 1000
S3 2 10033000 10033999 48862 1000
S3 2 10034000 10034999 53608 1000
S3 2 10035000 10035999 46937 1000
S3 2 10036000 10036999 55530 1000
S3 2 10037000 10037999 51839 1000
S3 2 10038000 10038999 51632 1000
S3 2 10039000 10039999 53944 1000
S3 2 10040000 10040999 48872 1000
S3 2 10041000 10041999 42754 1000
S3 2 10042000 10042999 43805 1000
S3 2 10043000 10043999 46010 1000
S3 2 10044000 10044999 44975 1000
S3 2 10045000 10045999 47413 999
S3 2 10046000 10046999 51897 1000
S3 2 10047000 10047999 58809 1000
S3 2 10048000 10048999 60204 1000
S3 2 10049000 10049999 51882 1000
S3 2 10050000 10050999 43855 1000
S3 2 10051000 10051999 47756 1000
S3 2 10052000 10052999 42953 1000
S3 2 10053000 10053999 47645 1000
S3 2 10054000 10054999 57138 1000
S3 2 10055000 10055999 47216 1000
S3 2 10056000 10056999 56684 999
S3 2 10057000 10057999 54494 999
S3 2 10058000 10058999 46734 1000
S3 2 10059000 10059999 43766 1000
S3 2 10060000 10060999 47016 1000
S3 2 10061000 10061999 44502 1000
S3 2 10062000 10062999 40976 1000
S3 2 10063000 10063999 47607 999
S3 2 10064000 10064999 44476 1000
S3 2 10065000 10065999 45407 1000
S3 2 10066000 10066999 44601 1000
S3 2 10067000 10067999 42043 1000
S3 2 10068000 10068999 50634 1000
S3 2 10069000 10069999 43536 1000
S3 2 10070000 10070999 48050 1000
S3 2 10071000 10071999 53262 1000
S3 2 10072000 10072999 51604 1000
S3 2 10073000 10073999 59075 1000
S3 2 10074000 10074999 60264 1000
S3 2 10075000 10075999 50356 1000
S3 2 10076000 10076999 47378 997
S3 2 10077000 10077999 52441 1000
S3 2 10078000 10078999 45625 1000
S3 2 10079000 10079999 41062 1000
S3 2 10080000 10080999 45441 1000
S3 2 10081000 10081999 49992 1000
S3 2 10082000 10082999 53861 999
S3 2 10083000 10083999 50730 1000
S3 2 10084000 10084999 51260 1000
S3 2 10085000 10085999 44109 1000
S3 2 10086000 10086999 48414 1000
S3 2 10087000 10087999 48935 1000
S3 2 10088000 10088999 38350 1000
S3 2 10089000 10089999 42767 998
S3 2 10090000 10090999 46301 991
S3 2 10091000 10091999 51820 1000
S3 2 10092000 10092999 55893 1000
S3 2 10093000 10093999 54661 1000
S3 2 10094000 10094999 52166 1000
S3 2 10095000 10095999 48294 1000
S3 2 10096000 10096999 50430 1000
S3 2 10097000 10097999 50276 1000
S3 2 10098000 10098999 55104 1000
S3 2 10099000 10099999 50947 999
S3 2 10100000 10100999 50294 1000
S3 2 10101000 10101999 56711 999
S3 2 10102000 10102999 54599 1000
S3 2 10103000 10103999 51156 998
S3 2 10104000 10104999 45967 1000
S3 2 10105000 10105999 40432 999
S3 2 10106000 10106999 36564 999
S3 2 10107000 10107999 49959 1000
S3 2 10108000 10108999 25631 1000
S3 2 10109000 10109999 52711 998
S3 2 10110000 10110999 46401 1000
S3 2 10111000 10111999 48831 1000
S3 2 10112000 10112999 47061 1000
S3 2 10113000 10113999 57585 1000
S3 2 10114000 10114999 55362 1000
S3 2 10115000 10115999 49587 997
S3 2 10116000 10116999 48936 1000
S3 2 10117000 10117999 50411 1000
S3 2 10118000 10118999 53957 1000
S3 2 10119000 10119999 56120 1000
S3 2 10120000 10120999 55387 1000
S3 2 10121000 10121999 58154 1000
S3 2 10122000 10122999 56421 1000
S3 2 10123000 10123999 13936 232
S4 2 10007000 10007999 32689 787
S4 2 10008000 10008999 42896 1000
S4 2 10009000 10009999 45991 993
S4 2 10010000 10010999 43140 999
S4 2 10011000 10011999 45064 1000
S4 2 10012000 10012999 32898 998
S4 2 10013000 10013999 43544 999
S4 2 10014000 10014999 37700 1000
S4 2 10015000 10015999 44954 1000
S4 2 10016000 10016999 46659 1000
S4 2 10017000 10017999 36932 1000
S4 2 10018000 10018999 45896 1000
S4 2 10019000 10019999 40791 1000
S4 2 10020000 10020999 39519 999
S4 2 10021000 10021999 44178 1000
S4 2 10022000 10022999 47324 996
S4 2 10023000 10023999 42565 999
S4 2 10024000 10024999 42378 1000
S4 2 10025000 10025999 45023 1000
S4 2 10026000 10026999 39051 999
S4 2 10027000 10027999 41668 1000
S4 2 10028000 10028999 43007 1000
S4 2 10029000 10029999 47505 1000
S4 2 10030000 10030999 46059 1000
S4 2 10031000 10031999 41314 1000
S4 2 10032000 10032999 44485 1000
S4 2 10033000 10033999 42031 1000
S4 2 10034000 10034999 44077 1000
S4 2 10035000 10035999 44504 1000
S4 2 10036000 10036999 39981 1000
S4 2 10037000 10037999 33592 1000
S4 2 10038000 10038999 39780 1000
S4 2 10039000 10039999 39076 1000
S4 2 10040000 10040999 45350 1000
S4 2 10041000 10041999 43749 1000
S4 2 10042000 10042999 43260 1000
S4 2 10043000 10043999 46985 1000
S4 2 10044000 10044999 38942 1000
S4 2 10045000 10045999 47162 999
S4 2 10046000 10046999 42451 1000
S4 2 10047000 10047999 43141 1000
S4 2 10048000 10048999 42362 1000
S4 2 10049000 10049999 43219 1000
S4 2 10050000 10050999 41919 1000
S4 2 10051000 10051999 42941 1000
S4 2 10052000 10052999 47653 1000
S4 2 10053000 10053999 42318 1000
S4 2 10054000 10054999 47099 1000
S4 2 10055000 10055999 48512 1000
S4 2 10056000 10056999 56792 999
S4 2 10057000 10057999 42109 999
S4 2 10058000 10058999 45306 1000
S4 2 10059000 10059999 40656 1000
S4 2 10060000 10060999 42872 1000
S4 2 10061000 10061999 39478 1000
S4 2 10062000 10062999 40923 1000
S4 2 10063000 10063999 47442 999
S4 2 10064000 10064999 46877 1000
S4 2 10065000 10065999 43505 1000
S4 2 10066000 10066999 42824 1000
S4 2 10067000 10067999 43981 1000
S4 2 10068000 10068999 39694 1000
S4 2 10069000 10069999 38282 1000
S4 2 10070000 10070999 38545 1000
S4 2 10071000 10071999 42866 1000
S4 2 10072000 10072999 36978 1000
S4 2 10073000 10073999 34640 1000
S4 2 10074000 10074999 41844 1000
S4 2 10075000 10075999 43534 1000
S4 2 10076000 10076999 40872 997
S4 2 10077000 10077999 47748 1000
S4 2 10078000 10078999 43128 1000
S4 2 10079000 10079999 40991 1000
S4 2 10080000 10080999 51080 1000
S4 2 10081000 10081999 44381 1000
S4 2 10082000 10082999 46635 999
S4 2 10083000 10083999 43404 1000
S4 2 10084000 10084999 42376 1000
S4 2 10085000 10085999 41566 1000
S4 2 10086000 10086999 46043 1000
S4 2 10087000 10087999 38079 1000
S4 2 10088000 10088999 48885 1000
S4 2 10089000 10089999 45528 998
S4 2 10090000 10090999 42628 991
S4 2 10091000 10091999 39929 1000
S4 2 10092000 10092999 42978 1000
S4 2 10093000 10093999 43563 1000
S4 2 10094000 10094999 48284 1000
S4 2 10095000 10095999 34591 1000
S4 2 10096000 10096999 44127 1000
S4 2 10097000 10097999 44855 1000
S4 2 10098000 10098999 45709 1000
S4 2 10099000 10099999 46957 999
S4 2 10100000 10100999 46766 1000
S4 2 10101000 10101999 45952 999
S4 2 10102000 10102999 38696 1000
S4 2 10103000 10103999 37884 998
S4 2 10104000 10104999 44359 1000
S4 2 10105000 10105999 27033 999
S4 2 10106000 10106999 9471 999
S4 2 10107000 10107999 42707 1000
S4 2 10108000 10108999 21652 1000
S4 2 10109000 10109999 47546 998
S4 2 10110000 10110999 36435 1000
S4 2 10111000 10111999 44369 1000
S4 2 10112000 10112999 48475 1000
S4 2 10113000 10113999 52892 1000
S4 2 10114000 10114999 43630 1000
S4 2 10115000 10115999 42161 997
S4 2 10116000 10116999 40323 1000
S4 2 10117000 10117999 42756 1000
S4 2 10118000 10118999 44043 1000
S4 2 10119000 10119999 56780 1000
S4 2 10120000 10120999 48228 1000
S4 2 10121000 10121999 45913 1000
S4 2 10122000 10122999 46235 1000
S4 2 10123000 10123999 10255 232
S5 2 10007000 10007999 33543 787
S5 2 10008000 10008999 47175 1000
S5 2 10009000 10009999 44247 993
S5 2 10010000 10010999 42362 999
S5 2 10011000 10011999 49893 1000
S5 2 10012000 10012999 47802 998
S5 2 10013000 10013999 46482 999
S5 2 10014000 10014999 43145 1000
S5 2 10015000 10015999 41640 1000
S5 2 10016000 10016999 40879 1000
S5 2 10017000 10017999 44051 1000
S5 2 10018000 10018999 38677 1000
S5 2 10019000 10019999 38959 1000
S5 2 10020000 10020999 41001 999
S5 2 10021000 10021999 39722 1000
S5 2 10022000 10022999 50180 996
S5 2 10023000 10023999 46771 999
S5 2 10024000 10024999 40160 1000
S5 2 10025000 10025999 38712 1000
S5 2 10026000 10026999 39860 999
S5 2 10027000 10027999 35715 1000
S5 2 10028000 10028999 39770 1000
S5 2 10029000 10029999 41597 1000
S5 2 10030000 10030999 42693 1000
S5 2 10031000 10031999 41184 1000
S5 2 10032000 10032999 40346 1000
S5 2 10033000 10033999 42287 1000
S5 2 10034000 10034999 45179 1000
S5 2 10035000 10035999 42986 1000
S5 2 10036000 10036999 40685 1000
S5 2 10037000 10037999 36387 1000
S5 2 10038000 10038999 41067 1000
S5 2 10039000 10039999 32784 1000
S5 2 10040000 10040999 30079 1000
S5 2 10041000 10041999 39660 1000
S5 2 10042000 10042999 40488 1000
S5 2 10043000 10043999 42430 1000
S5 2 10044000 10044999 37252 1000
S5 2 10045000 10045999 44048 999
S5 2 10046000 10046999 39613 1000
S5 2 10047000 10047999 38604 1000
S5 2 10048000 10048999 43290 1000
S5 2 10049000 10049999 40343 1000
S5 2 10050000 10050999 40191 1000
S5 2 10051000 10051999 40694 1000
S5 2 10052000 10052999 42011 1000
S5 2 10053000 10053999 41481 1000
S5 2 10054000 10054999 41722 1000
S5 2 10055000 10055999 11894 1000
S5 2 10056000 10056999 46112 999
S5 2 10057000 10057999 44489 999
S5 2 10058000 10058999 39938 1000
S5 2 10059000 10059999 47328 1000
S5 2 10060000 10060999 44810 1000
S5 2 10061000 10061999 39661 1000
S5 2 10062000 10062999 40915 1000
S5 2 10063000 10063999 43286 999
S5 2 10064000 10064999 37965 1000
S5 2 10065000 10065999 40855 1000
S5 2 10066000 10066999 42185 1000
S5 2 10067000 10067999 43689 1000
S5 2 10068000 10068999 35574 1000
S5 2 10069000 10069999 39417 1000
S5 2 10070000 10070999 40840 1000
S5 2 10071000 10071999 41880 1000
S5 2 10072000 10072999 41278 1000
S5 2 10073000 10073999 39120 1000
S5 2 10074000 10074999 36780 1000
S5 2 10075000 10075999 38730 1000
S5 2 10076000 10076999 39989 997
S5 2 10077000 10077999 47041 1000
S5 2 10078000 10078999 45007 1000
S5 2 10079000 10079999 40840 1000
S5 2 10080000 10080999 40841 1000
S5 2 10081000 10081999 45958 1000
S5 2 10082000 10082999 39029 999
S5 2 10083000 10083999 42413 1000
S5 2 10084000 10084999 37446 1000
S5 2 10085000 10085999 41330 1000
S5 2 10086000 10086999 46094 1000
S5 2 10087000 10087999 41234 1000
S5 2 10088000 10088999 41096 1000
S5 2 10089000 10089999 42018 998
S5 2 10090000 10090999 46129 991
S5 2 10091000 10091999 39385 1000
S5 2 10092000 10092999 45932 1000
S5 2 10093000 10093999 49494 1000
S5 2 10094000 10094999 43204 1000
S5 2 10095000 10095999 41934 1000
S5 2 10096000 10096999 44591 1000
S5 2 10097000 10097999 40573 1000
S5 2 10098000 10098999 46519 1000
S5 2 10099000 10099999 44412 999
S5 2 10100000 10100999 43080 1000
S5 2 10101000 10101999 43558 999
S5 2 10102000 10102999 36522 1000
S5 2 10103000 10103999 42836 998
S5 2 10104000 10104999 40808 1000
S5 2 10105000 10105999 34756 999
S5 2 10106000 10106999 34211 999
S5 2 10107000 10107999 41063 1000
S5 2 10108000 10108999 16352 1000
S5 2 10109000 10109999 43696 998
S5 2 10110000 10110999 46110 1000
S5 2 10111000 10111999 41431 1000
S5 2 10112000 10112999 44587 1000
S5 2 10113000 10113999 41252 1000
S5 2 10114000 10114999 43226 1000
S5 2 10115000 10115999 35709 997
S5 2 10116000 10116999 39501 1000
S5 2 10117000 10117999 39937 1000
S5 2 10118000 10118999 46176 1000
S5 2 10119000 10119999 44739 1000
S5 2 10120000 10120999 43976 1000
S5 2 10121000 10121999 50986 1000
S5 2 10122000 10122999 43268 1000
S5 2 10123000 10123999 8971 232
S6 2 10007000 10007999 36131 787
S6 2 10008000 10008999 45993 1000
S6 2 10009000 10009999 41116 993
S6 2 10010000 10010999 45547 999
S6 2 10011000 10011999 44736 1000
S6 2 10012000 10012999 46111 998
S6 2 10013000 10013999 45298 999
S6 2 10014000 10014999 42457 1000
S6 2 10015000 10015999 50647 1000
S6 2 10016000 10016999 47144 1000
S6 2 10017000 10017999 44939 1000
S6 2 10018000 10018999 41831 1000
S6 2 10019000 10019999 47955 1000
S6 2 10020000 10020999 40569 999
S6 2 10021000 10021999 45784 1000
S6 2 10022000 10022999 48867 996
S6 2 10023000 10023999 46275 999
S6 2 10024000 10024999 46882 1000
S6 2 10025000 10025999 49264 1000
S6 2 10026000 10026999 45144 999
S6 2 10027000 10027999 40388 1000
S6 2 10028000 10028999 39640 1000
S6 2 10029000 10029999 41114 1000
S6 2 10030000 10030999 48928 1000
S6 2 10031000 10031999 41270 1000
S6 2 10032000 10032999 39051 1000
S6 2 10033000 10033999 51556 1000
S6 2 10034000 10034999 47188 1000
S6 2 10035000 10035999 45694 1000
S6 2 10036000 10036999 46651 1000
S6 2 10037000 10037999 39810 1000
S6 2 10038000 10038999 48885 1000
S6 2 10039000 10039999 43556 1000
S6 2 10040000 10040999 42412 1000
S6 2 10041000 10041999 39883 1000
S6 2 10042000 10042999 47062 1000
S6 2 10043000 10043999 41766 1000
S6 2 10044000 10044999 39226 1000
S6 2 10045000 10045999 42536 999
S6 2 10046000 10046999 42892 1000
S6 2 10047000 10047999 47487 1000
S6 2 10048000 10048999 49488 1000
S6 2 10049000 10049999 42478 1000
S6 2 10050000 10050999 45404 1000
S6 2 10051000 10051999 45485 1000
S6 2 10052000 10052999 43040 1000
S6 2 10053000 10053999 40169 1000
S6 2 10054000 10054999 42761 1000
S6 2 10055000 10055999 15140 1000
S6 2 10056000 10056999 51498 999
S6 2 10057000 10057999 46819 999
S6 2 10058000 10058999 38465 1000
S6 2 10059000 10059999 42578 1000
S6 2 10060000 10060999 45813 1000
S6 2 10061000 10061999 43048 1000
S6 2 10062000 10062999 41809 1000
S6 2 10063000 10063999 46467 999
S6 2 10064000 10064999 43069 1000
S6 2 10065000 10065999 39765 1000
S6 2 10066000 10066999 44329 1000
S6 2 10067000 10067999 38783 1000
S6 2 10068000 10068999 40289 1000
S6 2 10069000 10069999 43055 1000
S6 2 10070000 10070999 41620 1000
S6 2 10071000 10071999 41861 1000
S6 2 10072000 10072999 41646 1000
S6 2 10073000 10073999 38681 1000
S6 2 10074000 10074999 49043 1000
S6 2 10075000 10075999 47963 1000
S6 2 10076000 10076999 41958 997
S6 2 10077000 10077999 44244 1000
S6 2 10078000 10078999 42984 1000
S6 2 10079000 10079999 45128 1000
S6 2 10080000 10080999 43910 1000
S6 2 10081000 10081999 43503 1000
S6 2 10082000 10082999 43603 999
S6 2 10083000 10083999 40470 1000
S6 2 10084000 10084999 38761 1000
S6 2 10085000 10085999 43458 1000
S6 2 10086000 10086999 43785 1000
S6 2 10087000 10087999 41536 1000
S6 2 10088000 10088999 40284 1000
S6 2 10089000 10089999 51899 998
S6 2 10090000 10090999 42193 991
S6 2 10091000 10091999 39192 1000
S6 2 10092000 10092999 44240 1000
S6 2 10093000 10093999 51240 1000
S6 2 10094000 10094999 49982 1000
S6 2 10095000 10095999 44978 1000
S6 2 10096000 10096999 42055 1000
S6 2 10097000 10097999 45449 1000
S6 2 10098000 10098999 46801 1000
S6 2 10099000 10099999 47838 999
S6 2 10100000 10100999 47090 1000
S6 2 10101000 10101999 48213 999
S6 2 10102000 10102999 50338 1000
S6 2 10103000 10103999 42226 998
S6 2 10104000 10104999 44973 1000
S6 2 10105000 10105999 32215 999
S6 2 10106000 10106999 15461 999
S6 2 10107000 10107999 37450 1000
S6 2 10108000 10108999 24474 1000
S6 2 10109000 10109999 55197 998
S6 2 10110000 10110999 47593 1000
S6 2 10111000 10111999 50526 1000
S6 2 10112000 10112999 51581 1000
S6 2 10113000 10113999 44381 1000
S6 2 10114000 10114999 47977 1000
S6 2 10115000 10115999 46520 997
S6 2 10116000 10116999 47019 1000
S6 2 10117000 10117999 47497 1000
S6 2 10118000 10118999 45217 1000
S6 2 10119000 10119999 47508 1000
S6 2 10120000 10120999 47276 1000
S6 2 10121000 10121999 47995 1000
S6 2 10122000 10122999 44821 1000
S6 2 10123000 10123999 8684 232
S7 2 10007000 10007999 21845 787
S7 2 10008000 10008999 31588 1000
S7 2 10009000 10009999 33794 993
S7 2 10010000 10010999 35199 999
S7 2 10011000 10011999 32410 1000
S7 2 10012000 10012999 32074 998
S7 2 10013000 10013999 34128 999
S7 2 10014000 10014999 38694 1000
S7 2 10015000 10015999 31521 1000
S7 2 10016000 10016999 32745 1000
S7 2 10017000 10017999 32290 1000
S7 2 10018000 10018999 38977 1000
S7 2 10019000 10019999 33607 1000
S7 2 10020000 10020999 33380 999
S7 2 10021000 10021999 31613 1000
S7 2 10022000 10022999 35480 996
S7 2 10023000 10023999 34982 999
S7 2 10024000 10024999 34367 1000
S7 2 10025000 10025999 33926 1000
S7 2 10026000 10026999 31171 999
S7 2 10027000 10027999 30079 1000
S7 2 10028000 10028999 32559 1000
S7 2 10029000 10029999 34555 1000
S7 2 10030000 10030999 33580 1000
S7 2 10031000 10031999 35022 1000
S7 2 10032000 10032999 33567 1000
S7 2 10033000 10033999 34137 1000
S7 2 10034000 10034999 33330 1000
S7 2 10035000 10035999 35449 1000
S7 2 10036000 10036999 35291 1000
S7 2 10037000 10037999 33820 1000
S7 2 10038000 10038999 34079 1000
S7 2 10039000 10039999 34462 1000
S7 2 10040000 10040999 35395 1000
S7 2 10041000 10041999 29761 1000
S7 2 10042000 10042999 31156 1000
S7 2 10043000 10043999 30861 1000
S7 2 10044000 10044999 30965 1000
S7 2 10045000 10045999 32929 999
S7 2 10046000 10046999 31932 1000
S7 2 10047000 10047999 33428 1000
S7 2 10048000 10048999 34347 1000
S7 2 10049000 10049999 29047 1000
S7 2 10050000 10050999 34349 1000
S7 2 10051000 10051999 35609 1000
S7 2 10052000 10052999 36055 1000
S7 2 10053000 10053999 38326 1000
S7 2 10054000 10054999 36303 1000
S7 2 10055000 10055999 34823 1000
S7 2 10056000 10056999 62 999
S7 2 10057000 10057999 30673 999
S7 2 10058000 10058999 35042 1000
S7 2 10059000 10059999 29812 1000
S7 2 10060000 10060999 31656 1000
S7 2 10061000 10061999 37034 1000
S7 2 10062000 10062999 35436 1000
S7 2 10063000 10063999 35790 999
S7 2 10064000 10064999 31093 1000
S7 2 10065000 10065999 34539 1000
S7 2 10066000 10066999 36018 1000
S7 2 10067000 10067999 34326 1000
S7 2 10068000 10068999 24729 1000
S7 2 10069000 10069999 29672 1000
S7 2 10070000 10070999 36305 1000
S7 2 10071000 10071999 34167 1000
S7 2 10072000 10072999 28871 1000
S7 2 10073000 10073999 29515 1000
S7 2 10074000 10074999 28684 1000
S7 2 10075000 10075999 30905 1000
S7 2 10076000 10076999 27669 997
S7 2 10077000 10077999 31282 1000
S7 2 10078000 10078999 34457 1000
S7 2 10079000 10079999 35010 1000
S7 2 10080000 10080999 35729 1000
S7 2 10081000 10081999 33500 1000
S7 2 10082000 10082999 34106 999
S7 2 10083000 10083999 34066 1000
S7 2 10084000 10084999 37825 1000
S7 2 10085000 10085999 31225 1000
S7 2 10086000 10086999 33909 1000
S7 2 10087000 10087999 31436 1000
S7 2 10088000 10088999 36832 1000
S7 2 10089000 10089999 34672 998
S7 2 10090000 10090999 33636 991
S7 2 10091000 10091999 35566 1000
S7 2 10092000 10092999 33129 1000
S7 2 10093000 10093999 34487 1000
S7 2 10094000 10094999 37913 1000
S7 2 10095000 10095999 31231 1000
S7 2 10096000 10096999 30265 1000
S7 2 10097000 10097999 31285 1000
S7 2 10098000 10098999 33524 1000
S7 2 10099000 10099999 30876 999
S7 2 10100000 10100999 34565 1000
S7 2 10101000 10101999 33645 999
S7 2 10102000 10102999 29820 1000
S7 2 10103000 10103999 29947 998
S7 2 10104000 10104999 33664 1000
S7 2 10105000 10105999 22935 999
S7 2 10106000 10106999 20825 999
S7 2 10107000 10107999 17815 1000
S7 2 10108000 10108999 10211 1000
S7 2 10109000 10109999 34607 998
S7 2 10110000 10110999 30547 1000
S7 2 10111000 10111999 36809 1000
S7 2 10112000 10112999 39255 1000
S7 2 10113000 10113999 33810 1000
S7 2 10114000 10114999 31960 1000
S7 2 10115000 10115999 30341 997
S7 2 10116000 10116999 35306 1000
S7 2 10117000 10117999 31646 1000
S7 2 10118000 10118999 34897 1000
S7 2 10119000 10119999 36455 1000
S7 2 10120000 10120999 36837 1000
S7 2 10121000 10121999 32738 1000
S7 2 10122000 10122999 35475 1000
S7 2 10123000 10123999 7269 232
S8 2 10007000 10007999 36129 787
S8 2 10008000 10008999 44488 1000
S8 2 10009000 10009999 50000 993
S8 2 10010000 10010999 41704 999
S8 2 10011000 10011999 46535 1000
S8 2 10012000 10012999 48532 998
S8 2 10013000 10013999 47865 999
S8 2 10014000 10014999 45951 1000
S8 2 10015000 10015999 42326 1000
S8 2 10016000 10016999 42165 1000
S8 2 10017000 10017999 49522 1000
S8 2 10018000 10018999 42939 1000
S8 2 10019000 10019999 46705 1000
S8 2 10020000 10020999 44139 999
S8 2 10021000 10021999 48200 1000
S8 2 10022000 10022999 51565 996
S8 2 10023000 10023999 51922 999
S8 2 10024000 10024999 46697 1000
S8 2 10025000 10025999 53959 1000
S8 2 10026000 10026999 49892 999
S8 2 10027000 10027999 47854 1000
S8 2 10028000 10028999 48739 1000
S8 2 10029000 10029999 49913 1000
S8 2 10030000 10030999 56507 1000
S8 2 10031000 10031999 42445 1000
S8 2 10032000 10032999 49958 1000
S8 2 10033000 10033999 46980 1000
S8 2 10034000 10034999 48966 1000
S8 2 10035000 10035999 51012 1000
S8 2 10036000 10036999 48993 1000
S8 2 10037000 10037999 40097 1000
S8 2 10038000 10038999 42769 1000
S8 2 10039000 10039999 43924 1000
S8 2 10040000 10040999 51163 1000
S8 2 10041000 10041999 46030 1000
S8 2 10042000 10042999 43257 1000
S8 2 10043000 10043999 48264 1000
S8 2 10044000 10044999 41830 1000
S8 2 10045000 10045999 44923 999
S8 2 10046000 10046999 42600 1000
S8 2 10047000 10047999 45263 1000
S8 2 10048000 10048999 49254 1000
S8 2 10049000 10049999 53962 1000
S8 2 10050000 10050999 44860 1000
S8 2 10051000 10051999 45637 1000
S8 2 10052000 10052999 41294 1000
S8 2 10053000 10053999 42261 1000
S8 2 10054000 10054999 50459 1000
S8 2 10055000 10055999 44637 1000
S8 2 10056000 10056999 0 999
S8 2 10057000 10057999 42640 999
S8 2 10058000 10058999 45646 1000
S8 2 10059000 10059999 48408 1000
S8 2 10060000 10060999 48787 1000
S8 2 10061000 10061999 43987 1000
S8 2 10062000 10062999 45733 1000
S8 2 10063000 10063999 50345 999
S8 2 10064000 10064999 45304 1000
S8 2 10065000 10065999 46003 1000
S8 2 10066000 10066999 43577 1000
S8 2 10067000 10067999 48608 1000
S8 2 10068000 10068999 47050 1000
S8 2 10069000 10069999 44988 1000
S8 2 10070000 10070999 47247 1000
S8 2 10071000 10071999 46277 1000
S8 2 10072000 10072999 45234 1000
S8 2 10073000 10073999 47741 1000
S8 2 10074000 10074999 50435 1000
S8 2 10075000 10075999 37532 1000
S8 2 10076000 10076999 44220 997
S8 2 10077000 10077999 43012 1000
S8 2 10078000 10078999 48190 1000
S8 2 10079000 10079999 51252 1000
S8 2 10080000 10080999 47086 1000
S8 2 10081000 10081999 42204 1000
S8 2 10082000 10082999 43006 999
S8 2 10083000 10083999 45473 1000
S8 2 10084000 10084999 46013 1000
S8 2 10085000 10085999 44727 1000
S8 2 10086000 10086999 51326 1000
S8 2 10087000 10087999 48229 1000
S8 2 10088000 10088999 43928 1000
S8 2 10089000 10089999 45501 998
S8 2 10090000 10090999 48605 991
S8 2 10091000 10091999 48856 1000
S8 2 10092000 10092999 47100 1000
S8 2 10093000 10093999 54936 1000
S8 2 10094000 10094999 44825 1000
S8 2 10095000 10095999 49832 1000
S8 2 10096000 10096999 47057 1000
S8 2 10097000 10097999 41968 1000
S8 2 10098000 10098999 48732 1000
S8 2 10099000 10099999 47501 999
S8 2 10100000 10100999 48359 1000
S8 2 10101000 10101999 48526 999
S8 2 10102000 10102999 43188 1000
S8 2 10103000 10103999 46616 998
S8 2 10104000 10104999 45279 1000
S8 2 10105000 10105999 31913 999
S8 2 10106000 10106999 26206 999
S8 2 10107000 10107999 33206 1000
S8 2 10108000 10108999 18326 1000
S8 2 10109000 10109999 52142 998
S8 2 10110000 10110999 46242 1000
S8 2 10111000 10111999 55037 1000
S8 2 10112000 10112999 51392 1000
S8 2 10113000 10113999 51037 1000
S8 2 10114000 10114999 44639 1000
S8 2 10115000 10115999 44954 997
S8 2 10116000 10116999 48219 1000
S8 2 10117000 10117999 46538 1000
S8 2 10118000 10118999 51428 1000
S8 2 10119000 10119999 51835 1000
S8 2 10120000 10120999 42232 1000
S8 2 10121000 10121999 47444 1000
S8 2 10122000 10122999 51213 1000
S8 2 10123000 10123999 11539 232
S9 2 10007000 10007999 41387 787
S9 2 10008000 10008999 54462 1000
S9 2 10009000 10009999 50979 993
S9 2 10010000 10010999 46970 999
S9 2 10011000 10011999 53190 1000
S9 2 10012000 10012999 47758 998
S9 2 10013000 10013999 50910 999
S9 2 10014000 10014999 43383 1000
S9 2 10015000 10015999 44691 1000
S9 2 10016000 10016999 47192 1000
S9 2 10017000 10017999 53729 1000
S9 2 10018000 10018999 50942 1000
S9 2 10019000 10019999 55585 1000
S9 2 10020000 10020999 44732 999
S9 2 10021000 10021999 51988 1000
S9 2 10022000 10022999 54320 996
S9 2 10023000 10023999 48543 999
S9 2 10024000 10024999 44274 1000
S9 2 10025000 10025999 42229 1000
S9 2 10026000 10026999 47682 999
S9 2 10027000 10027999 45287 1000
S9 2 10028000 10028999 43962 1000
S9 2 10029000 10029999 41756 1000
S9 2 10030000 10030999 52106 1000
S9 2 10031000 10031999 50471 1000
S9 2 10032000 10032999 41235 1000
S9 2 10033000 10033999 45341 1000
S9 2 10034000 10034999 53977 1000
S9 2 10035000 10035999 52893 1000
S9 2 10036000 10036999 50658 1000
S9 2 10037000 10037999 45394 1000
S9 2 10038000 10038999 51850 1000
S9 2 10039000 10039999 44692 1000
S9 2 10040000 10040999 54607 1000
S9 2 10041000 10041999 47216 1000
S9 2 10042000 10042999 42869 1000
S9 2 10043000 10043999 56257 1000
S9 2 10044000 10044999 43545 1000
S9 2 10045000 10045999 55830 999
S9 2 10046000 10046999 46367 1000
S9 2 10047000 10047999 47495 1000
S9 2 10048000 10048999 45073 1000
S9 2 10049000 10049999 47511 1000
S9 2 10050000 10050999 46476 1000
S9 2 10051000 10051999 45470 1000
S9 2 10052000 10052999 45724 1000
S9 2 10053000 10053999 42443 1000
S9 2 10054000 10054999 49884 1000
S9 2 10055000 10055999 34036 1000
S9 2 10056000 10056999 53921 999
S9 2 10057000 10057999 57249 999
S9 2 10058000 10058999 48845 1000
S9 2 10059000 10059999 50292 1000
S9 2 10060000 10060999 51255 1000
S9 2 10061000 10061999 47360 1000
S9 2 10062000 10062999 47574 1000
S9 2 10063000 10063999 50826 999
S9 2 10064000 10064999 49057 1000
S9 2 10065000 10065999 53935 1000
S9 2 10066000 10066999 45375 1000
S9 2 10067000 10067999 46197 1000
S9 2 10068000 10068999 43275 1000
S9 2 10069000 10069999 45622 1000
S9 2 10070000 10070999 43455 1000
S9 2 10071000 10071999 48254 1000
S9 2 10072000 10072999 48301 1000
S9 2 10073000 10073999 50833 1000
S9 2 10074000 10074999 50649 1000
S9 2 10075000 10075999 55592 1000
S9 2 10076000 10076999 42516 997
S9 2 10077000 10077999 47262 1000
S9 2 10078000 10078999 53079 1000
S9 2 10079000 10079999 44895 1000
S9 2 10080000 10080999 47592 1000
S9 2 10081000 10081999 44216 1000
S9 2 10082000 10082999 44149 999
S9 2 10083000 10083999 58053 1000
S9 2 10084000 10084999 50007 1000
S9 2 10085000 10085999 46070 1000
S9 2 10086000 10086999 50579 1000
S9 2 10087000 10087999 50866 1000
S9 2 10088000 10088999 44399 1000
S9 2 10089000 10089999 60044 998
S9 2 10090000 10090999 53586 991
S9 2 10091000 10091999 49875 1000
S9 2 10092000 10092999 55588 1000
S9 2 10093000 10093999 49498 1000
S9 2 10094000 10094999 52024 1000
S9 2 10095000 10095999 47905 1000
S9 2 10096000 10096999 51283 1000
S9 2 10097000 10097999 47698 1000
S9 2 10098000 10098999 48118 1000
S9 2 10099000 10099999 45922 999
S9 2 10100000 10100999 52787 1000
S9 2 10101000 10101999 49719 999
S9 2 10102000 10102999 54514 1000
S9 2 10103000 10103999 52559 998
S9 2 10104000 10104999 45582 1000
S9 2 10105000 10105999 44331 999
S9 2 10106000 10106999 26196 999
S9 2 10107000 10107999 45056 1000
S9 2 10108000 10108999 24704 1000
S9 2 10109000 10109999 53053 998
S9 2 10110000 10110999 44141 1000
S9 2 10111000 10111999 48922 1000
S9 2 10112000 10112999 45034 1000
S9 2 10113000 10113999 56495 1000
S9 2 10114000 10114999 51515 1000
S9 2 10115000 10115999 46291 997
S9 2 10116000 10116999 51190 1000
S9 2 10117000 10117999 49114 1000
S9 2 10118000 10118999 50842 1000
S9 2 10119000 10119999 50899 1000
S9 2 10120000 10120999 46359 1000
S9 2 10121000 10121999 53647 1000
S9 2 10122000 10122999 53172 1000
S9 2 10123000 10123999 10033 232
