Indiv CHROM pos1 pos2 sum_depth n_sites
S1 2 11186000 11186999 26786 688
S1 2 11187000 11187999 29126 1000
S1 2 11188000 11188999 38363 1000
S1 2 11189000 11189999 43766 1000
S1 2 11190000 11190999 46288 1000
S1 2 11191000 11191999 42791 1000
S1 2 11192000 11192999 42711 1000
S1 2 11193000 11193999 48217 1000
S1 2 11194000 11194999 37132 1000
S1 2 11195000 11195999 40361 1000
S1 2 11196000 11196999 44121 1000
S1 2 11197000 11197999 40392 1000
S1 2 11198000 11198999 41233 1000
S1 2 11199000 11199999 39989 1000
S1 2 11200000 11200999 32556 1000
S1 2 11201000 11201999 36267 1000
S1 2 11202000 11202999 41806 1000
S1 2 11203000 11203999 39025 994
S1 2 11204000 11204999 42298 1000
S1 2 11205000 11205999 43669 1000
S1 2 11206000 11206999 45585 999
S1 2 11207000 11207999 40344 994
S1 2 11208000 11208999 40455 1000
S1 2 11209000 11209999 46490 1000
S1 2 11210000 11210999 36743 999
S1 2 11211000 11211999 44593 998
S1 2 11212000 11212999 40709 1000
S1 2 11213000 11213999 36591 1000
S1 2 11214000 11214999 38625 1000
S1 2 11215000 11215999 41325 1000
S1 2 11216000 11216999 39875 1000
S1 2 11217000 11217999 39378 1000
S1 2 11218000 11218999 37816 1000
S1 2 11219000 11219999 43988 1000
S1 2 11220000 11220999 38149 1000
S1 2 11221000 11221999 42581 1000
S1 2 11222000 11222999 44250 1000
S1 2 11223000 11223999 43030 1000
S1 2 11224000 11224999 38932 1000
S1 2 11225000 11225999 45490 999
S1 2 11226000 11226999 42029 1000
S1 2 11227000 11227999 41082 1000
S1 2 11228000 11228999 42633 1000
S1 2 11229000 11229999 42304 1000
S1 2 11230000 11230999 38663 1000
S1 2 11231000 11231999 41418 1000
S1 2 11232000 11232999 34560 1000
S1 2 11233000 11233999 43086 1000
S1 2 11234000 11234999 40116 1000
S1 2 11235000 11235999 39177 998
S1 2 11236000 11236999 38387 992
S1 2 11237000 11237999 43171 994
S1 2 11238000 11238999 43334 1000
S1 2 11239000 11239999 42719 1000
S1 2 11240000 11240999 37647 1000
S1 2 11241000 11241999 42169 1000
S1 2 11242000 11242999 39473 1000
S1 2 11243000 11243999 45389 999
S1 2 11244000 11244999 33977 999
S1 2 11245000 11245999 38725 999
S1 2 11246000 11246999 35093 1000
S1 2 11247000 11247999 42856 1000
S1 2 11248000 11248999 42632 1000
S1 2 11249000 11249999 42009 999
S1 2 11250000 11250999 40812 1000
S1 2 11251000 11251999 37968 1000
S1 2 11252000 11252999 39043 1000
S1 2 11253000 11253999 45256 1000
S1 2 11254000 11254999 42752 1000
S1 2 11255000 11255999 42809 998
S1 2 11256000 11256999 43612 1000
S1 2 11257000 11257999 40351 999
S1 2 11258000 11258999 43717 999
S1 2 11259000 11259999 44561 998
S1 2 11260000 11260999 43206 1000
S1 2 11261000 11261999 42233 1000
S1 2 11262000 11262999 41259 998
S1 2 11263000 11263999 42135 1000
S1 2 11264000 11264999 41493 1000
S1 2 11265000 11265999 26586 585
S10 2 11186000 11186999 31005 688
S10 2 11187000 11187999 37881 1000
S10 2 11188000 11188999 44734 1000
S10 2 11189000 11189999 45811 1000
S10 2 11190000 11190999 42805 1000
S10 2 11191000 11191999 40018 1000
S10 2 11192000 11192999 43932 1000
S10 2 11193000 11193999 40843 1000
S10 2 11194000 11194999 45791 1000
S10 2 11195000 11195999 48465 1000
S10 2 11196000 11196999 48783 1000
S10 2 11197000 11197999 45398 1000
S10 2 11198000 11198999 29196 1000
S10 2 11199000 11199999 46275 1000
S10 2 11200000 11200999 41390 1000
S10 2 11201000 11201999 33554 1000
S10 2 11202000 11202999 47925 1000
S10 2 11203000 11203999 43818 994
S10 2 11204000 11204999 40917 1000
S10 2 11205000 11205999 43802 1000
S10 2 11206000 11206999 37921 999
S10 2 11207000 11207999 43035 994
S10 2 11208000 11208999 48406 1000
S10 2 11209000 11209999 46354 1000
S10 2 11210000 11210999 45800 999
S10 2 11211000 11211999 48167 998
S10 2 11212000 11212999 43113 1000
S10 2 11213000 11213999 41058 1000
S10 2 11214000 11214999 37539 1000
S10 2 11215000 11215999 47045 1000
S10 2 11216000 11216999 41793 1000
S10 2 11217000 11217999 47295 1000
S10 2 11218000 11218999 42420 1000
S10 2 11219000 11219999 44468 1000
S10 2 11220000 11220999 36194 1000
S10 2 11221000 11221999 42786 1000
S10 2 11222000 11222999 45795 1000
S10 2 11223000 11223999 48535 1000
S10 2 11224000 11224999 48280 1000
S10 2 11225000 11225999 41973 999
S10 2 11226000 11226999 47673 1000
S10 2 11227000 11227999 45511 1000
S10 2 11228000 11228999 47687 1000
S10 2 11229000 11229999 46055 1000
S10 2 11230000 11230999 41017 1000
S10 2 11231000 11231999 52909 1000
S10 2 11232000 11232999 44663 1000
S10 2 11233000 11233999 48202 1000
S10 2 11234000 11234999 46404 1000
S10 2 11235000 11235999 47791 998
S10 2 11236000 11236999 38941 992
S10 2 11237000 11237999 49921 994
S10 2 11238000 11238999 48474 1000
S10 2 11239000 11239999 44614 1000
S10 2 11240000 11240999 40903 1000
S10 2 11241000 11241999 41618 1000
S10 2 11242000 11242999 41629 1000
S10 2 11243000 11243999 44244 999
S10 2 11244000 11244999 43545 999
S10 2 11245000 11245999 43855 999
S10 2 11246000 11246999 47080 1000
S10 2 11247000 11247999 41565 1000
S10 2 11248000 11248999 42934 1000
S10 2 11249000 11249999 44778 999
S10 2 11250000 11250999 46654 1000
S10 2 11251000 11251999 47434 1000
S10 2 11252000 11252999 45953 1000
S10 2 11253000 11253999 47102 1000
S10 2 11254000 11254999 44287 1000
S10 2 11255000 11255999 37040 998
S10 2 11256000 11256999 58194 1000
S10 2 11257000 11257999 44648 999
S10 2 11258000 11258999 47128 999
S10 2 11259000 11259999 48187 998
S10 2 11260000 11260999 44478 1000
S10 2 11261000 11261999 49564 1000
S10 2 11262000 11262999 39528 998
S10 2 11263000 11263999 44246 1000
S10 2 11264000 11264999 50828 1000
S10 2 11265000 11265999 28688 585
S11 2 11186000 11186999 35113 688
S11 2 11187000 11187999 51899 1000
S11 2 11188000 11188999 52287 1000
S11 2 11189000 11189999 50304 1000
S11 2 11190000 11190999 56126 1000
S11 2 11191000 11191999 59178 1000
S11 2 11192000 11192999 58095 1000
S11 2 11193000 11193999 58739 1000
S11 2 11194000 11194999 51552 1000
S11 2 11195000 11195999 54372 1000
S11 2 11196000 11196999 55227 1000
S11 2 11197000 11197999 57326 1000
S11 2 11198000 11198999 53618 1000
S11 2 11199000 11199999 54970 1000
S11 2 11200000 11200999 38546 1000
S11 2 11201000 11201999 57799 1000
S11 2 11202000 11202999 58475 1000
S11 2 11203000 11203999 51246 994
S11 2 11204000 11204999 48545 1000
S11 2 11205000 11205999 53397 1000
S11 2 11206000 11206999 62290 999
S11 2 11207000 11207999 52985 994
S11 2 11208000 11208999 52634 1000
S11 2 11209000 11209999 59559 1000
S11 2 11210000 11210999 47628 999
S11 2 11211000 11211999 50786 998
S11 2 11212000 11212999 52322 1000
S11 2 11213000 11213999 56042 1000
S11 2 11214000 11214999 52828 1000
S11 2 11215000 11215999 54650 1000
S11 2 11216000 11216999 52991 1000
S11 2 11217000 11217999 54153 1000
S11 2 11218000 11218999 46550 1000
S11 2 11219000 11219999 65216 1000
S11 2 11220000 11220999 58680 1000
S11 2 11221000 11221999 49430 1000
S11 2 11222000 11222999 49600 1000
S11 2 11223000 11223999 54309 1000
S11 2 11224000 11224999 48331 1000
S11 2 11225000 11225999 57657 999
S11 2 11226000 11226999 47302 1000
S11 2 11227000 11227999 57577 1000
S11 2 11228000 11228999 58276 1000
S11 2 11229000 11229999 43261 1000
S11 2 11230000 11230999 48751 1000
S11 2 11231000 11231999 52034 1000
S11 2 11232000 11232999 51092 1000
S11 2 11233000 11233999 54412 1000
S11 2 11234000 11234999 60229 1000
S11 2 11235000 11235999 59741 998
S11 2 11236000 11236999 52627 992
S11 2 11237000 11237999 51300 994
S11 2 11238000 11238999 56966 1000
S11 2 11239000 11239999 55271 1000
S11 2 11240000 11240999 47598 1000
S11 2 11241000 11241999 52559 1000
S11 2 11242000 11242999 52135 1000
S11 2 11243000 11243999 50659 999
S11 2 11244000 11244999 53442 999
S11 2 11245000 11245999 56110 999
S11 2 11246000 11246999 49996 1000
S11 2 11247000 11247999 53468 1000
S11 2 11248000 11248999 53254 1000
S11 2 11249000 11249999 62098 999
S11 2 11250000 11250999 54524 1000
S11 2 11251000 11251999 53412 1000
S11 2 11252000 11252999 48045 1000
S11 2 11253000 11253999 53813 1000
S11 2 11254000 11254999 60161 1000
S11 2 11255000 11255999 53096 998
S11 2 11256000 11256999 61329 1000
S11 2 11257000 11257999 53127 999
S11 2 11258000 11258999 57811 999
S11 2 11259000 11259999 60245 998
S11 2 11260000 11260999 52555 1000
S11 2 11261000 11261999 62888 1000
S11 2 11262000 11262999 58685 998
S11 2 11263000 11263999 53578 1000
S11 2 11264000 11264999 58309 1000
S11 2 11265000 11265999 31757 585
S12 2 11186000 11186999 30210 688
S12 2 11187000 11187999 44430 1000
S12 2 11188000 11188999 50927 1000
S12 2 11189000 11189999 43023 1000
S12 2 11190000 11190999 47482 1000
S12 2 11191000 11191999 50124 1000
S12 2 11192000 11192999 40017 1000
S12 2 11193000 11193999 50975 1000
S12 2 11194000 11194999 45827 1000
S12 2 11195000 11195999 47897 1000
S12 2 11196000 11196999 45644 1000
S12 2 11197000 11197999 43105 1000
S12 2 11198000 11198999 46027 1000
S12 2 11199000 11199999 45977 1000
S12 2 11200000 11200999 33944 1000
S12 2 11201000 11201999 36132 1000
S12 2 11202000 11202999 39654 1000
S12 2 11203000 11203999 43131 994
S12 2 11204000 11204999 38581 1000
S12 2 11205000 11205999 48006 1000
S12 2 11206000 11206999 47539 999
S12 2 11207000 11207999 44977 994
S12 2 11208000 11208999 37786 1000
S12 2 11209000 11209999 44905 1000
S12 2 11210000 11210999 43304 999
S12 2 11211000 11211999 45077 998
S12 2 11212000 11212999 41269 1000
S12 2 11213000 11213999 44498 1000
S12 2 11214000 11214999 47061 1000
S12 2 11215000 11215999 45924 1000
S12 2 11216000 11216999 47261 1000
S12 2 11217000 11217999 42608 1000
S12 2 11218000 11218999 44853 1000
S12 2 11219000 11219999 47645 1000
S12 2 11220000 11220999 39589 1000
S12 2 11221000 11221999 42308 1000
S12 2 11222000 11222999 43002 1000
S12 2 11223000 11223999 45560 1000
S12 2 11224000 11224999 43461 1000
S12 2 11225000 11225999 52053 999
S12 2 11226000 11226999 47924 1000
S12 2 11227000 11227999 46133 1000
S12 2 11228000 11228999 41242 1000
S12 2 11229000 11229999 38747 1000
S12 2 11230000 11230999 38752 1000
S12 2 11231000 11231999 42204 1000
S12 2 11232000 11232999 42586 1000
S12 2 11233000 11233999 46168 1000
S12 2 11234000 11234999 38915 1000
S12 2 11235000 11235999 41145 998
S12 2 11236000 11236999 48177 992
S12 2 11237000 11237999 49705 994
S12 2 11238000 11238999 41384 1000
S12 2 11239000 11239999 43052 1000
S12 2 11240000 11240999 46279 1000
S12 2 11241000 11241999 52498 1000
S12 2 11242000 11242999 44340 1000
S12 2 11243000 11243999 39934 999
S12 2 11244000 11244999 48380 999
S12 2 11245000 11245999 44006 999
S12 2 11246000 11246999 41717 1000
S12 2 11247000 11247999 47939 1000
S12 2 11248000 11248999 48887 1000
S12 2 11249000 11249999 48415 999
S12 2 11250000 11250999 42694 1000
S12 2 11251000 11251999 45363 1000
S12 2 11252000 11252999 42912 1000
S12 2 11253000 11253999 40195 1000
S12 2 11254000 11254999 46699 1000
S12 2 11255000 11255999 45042 998
S12 2 11256000 11256999 44922 1000
S12 2 11257000 11257999 40713 999
S12 2 11258000 11258999 47378 999
S12 2 11259000 11259999 42623 998
S12 2 11260000 11260999 42612 1000
S12 2 11261000 11261999 48193 1000
S12 2 11262000 11262999 39442 998
S12 2 11263000 11263999 42310 1000
S12 2 11264000 11264999 38040 1000
S12 2 11265000 11265999 25975 585
S13 2 11186000 11186999 24512 688
S13 2 11187000 11187999 34730 1000
S13 2 11188000 11188999 38545 1000
S13 2 11189000 11189999 40010 1000
S13 2 11190000 11190999 39906 1000
S13 2 11191000 11191999 31760 1000
S13 2 11192000 11192999 30947 1000
S13 2 11193000 11193999 38738 1000
S13 2 11194000 11194999 36449 1000
S13 2 11195000 11195999 37604 1000
S13 2 11196000 11196999 40181 1000
S13 2 11197000 11197999 34248 1000
S13 2 11198000 11198999 34112 1000
S13 2 11199000 11199999 35150 1000
S13 2 11200000 11200999 29179 1000
S13 2 11201000 11201999 32696 1000
S13 2 11202000 11202999 36019 1000
S13 2 11203000 11203999 28593 994
S13 2 11204000 11204999 34477 1000
S13 2 11205000 11205999 39557 1000
S13 2 11206000 11206999 32825 999
S13 2 11207000 11207999 33641 994
S13 2 11208000 11208999 35774 1000
S13 2 11209000 11209999 37723 1000
S13 2 11210000 11210999 35399 999
S13 2 11211000 11211999 34422 998
S13 2 11212000 11212999 31155 1000
S13 2 11213000 11213999 40083 1000
S13 2 11214000 11214999 35457 1000
S13 2 11215000 11215999 40805 1000
S13 2 11216000 11216999 36418 1000
S13 2 11217000 11217999 38532 1000
S13 2 11218000 11218999 37194 1000
S13 2 11219000 11219999 32551 1000
S13 2 11220000 11220999 29193 1000
S13 2 11221000 11221999 35122 1000
S13 2 11222000 11222999 37618 1000
S13 2 11223000 11223999 35887 1000
S13 2 11224000 11224999 34957 1000
S13 2 11225000 11225999 34756 999
S13 2 11226000 11226999 40091 1000
S13 2 11227000 11227999 37568 1000
S13 2 11228000 11228999 38276 1000
S13 2 11229000 11229999 39444 1000
S13 2 11230000 11230999 35616 1000
S13 2 11231000 11231999 35308 1000
S13 2 11232000 11232999 32686 1000
S13 2 11233000 11233999 40583 1000
S13 2 11234000 11234999 33626 1000
S13 2 11235000 11235999 36477 998
S13 2 11236000 11236999 36415 992
S13 2 11237000 11237999 42566 994
S13 2 11238000 11238999 43498 1000
S13 2 11239000 11239999 39668 1000
S13 2 11240000 11240999 37066 1000
S13 2 11241000 11241999 30300 1000
S13 2 11242000 11242999 33159 1000
S13 2 11243000 11243999 34831 999
S13 2 11244000 11244999 29827 999
S13 2 11245000 11245999 38998 999
S13 2 11246000 11246999 39308 1000
S13 2 11247000 11247999 45200 1000
S13 2 11248000 11248999 46729 1000
S13 2 11249000 11249999 36320 999
S13 2 11250000 11250999 41816 1000
S13 2 11251000 11251999 38645 1000
S13 2 11252000 11252999 38911 1000
S13 2 11253000 11253999 32370 1000
S13 2 11254000 11254999 37692 1000
S13 2 11255000 11255999 29565 998
S13 2 11256000 11256999 36634 1000
S13 2 11257000 11257999 41967 999
S13 2 11258000 11258999 42250 999
S13 2 11259000 11259999 37277 998
S13 2 11260000 11260999 33388 1000
S13 2 11261000 11261999 39702 1000
S13 2 11262000 11262999 36538 998
S13 2 11263000 11263999 40090 1000
S13 2 11264000 11264999 36657 1000
S13 2 11265000 11265999 22125 585
S14 2 11186000 11186999 33533 688
S14 2 11187000 11187999 43838 1000
S14 2 11188000 11188999 47558 1000
S14 2 11189000 11189999 46894 1000
S14 2 11190000 11190999 50339 1000
S14 2 11191000 11191999 48561 1000
S14 2 11192000 11192999 47589 1000
S14 2 11193000 11193999 51077 1000
S14 2 11194000 11194999 46548 1000
S14 2 11195000 11195999 45801 1000
S14 2 11196000 11196999 48056 1000
S14 2 11197000 11197999 52726 1000
S14 2 11198000 11198999 44705 1000
S14 2 11199000 11199999 47110 1000
S14 2 11200000 11200999 39198 1000
S14 2 11201000 11201999 52809 1000
S14 2 11202000 11202999 43520 1000
S14 2 11203000 11203999 48144 994
S14 2 11204000 11204999 48832 1000
S14 2 11205000 11205999 48144 1000
S14 2 11206000 11206999 48490 999
S14 2 11207000 11207999 43953 994
S14 2 11208000 11208999 48264 1000
S14 2 11209000 11209999 50855 1000
S14 2 11210000 11210999 46850 999
S14 2 11211000 11211999 52966 998
S14 2 11212000 11212999 41241 1000
S14 2 11213000 11213999 48799 1000
S14 2 11214000 11214999 47141 1000
S14 2 11215000 11215999 43644 1000
S14 2 11216000 11216999 43034 1000
S14 2 11217000 11217999 40997 1000
S14 2 11218000 11218999 49415 1000
S14 2 11219000 11219999 53062 1000
S14 2 11220000 11220999 42829 1000
S14 2 11221000 11221999 41789 1000
S14 2 11222000 11222999 44324 1000
S14 2 11223000 11223999 46795 1000
S14 2 11224000 11224999 50060 1000
S14 2 11225000 11225999 49248 999
S14 2 11226000 11226999 44499 1000
S14 2 11227000 11227999 48079 1000
S14 2 11228000 11228999 45679 1000
S14 2 11229000 11229999 41702 1000
S14 2 11230000 11230999 47426 1000
S14 2 11231000 11231999 46094 1000
S14 2 11232000 11232999 50124 1000
S14 2 11233000 11233999 48816 1000
S14 2 11234000 11234999 49725 1000
S14 2 11235000 11235999 43746 998
S14 2 11236000 11236999 44164 992
S14 2 11237000 11237999 46325 994
S14 2 11238000 11238999 44170 1000
S14 2 11239000 11239999 46408 1000
S14 2 11240000 11240999 47556 1000
S14 2 11241000 11241999 48972 1000
S14 2 11242000 11242999 43345 1000
S14 2 11243000 11243999 43921 999
S14 2 11244000 11244999 43409 999
S14 2 11245000 11245999 39923 999
S14 2 11246000 11246999 58960 1000
S14 2 11247000 11247999 48791 1000
S14 2 11248000 11248999 49896 1000
S14 2 11249000 11249999 48247 999
S14 2 11250000 11250999 52168 1000
S14 2 11251000 11251999 44698 1000
S14 2 11252000 11252999 50907 1000
S14 2 11253000 11253999 50720 1000
S14 2 11254000 11254999 47385 1000
S14 2 11255000 11255999 31451 998
S14 2 11256000 11256999 50604 1000
S14 2 11257000 11257999 47384 999
S14 2 11258000 11258999 53470 999
S14 2 11259000 11259999 51439 998
S14 2 11260000 11260999 56200 1000
S14 2 11261000 11261999 48921 1000
S14 2 11262000 11262999 45824 998
S14 2 11263000 11263999 48635 1000
S14 2 11264000 11264999 48196 1000
S14 2 11265000 11265999 29129 585
S15 2 11186000 11186999 28410 688
S15 2 11187000 11187999 30791 1000
S15 2 11188000 11188999 41577 1000
S15 2 11189000 11189999 44993 1000
S15 2 11190000 11190999 44666 1000
S15 2 11191000 11191999 47510 1000
S15 2 11192000 11192999 44587 1000
S15 2 11193000 11193999 48756 1000
S15 2 11194000 11194999 43977 1000
S15 2 11195000 11195999 46478 1000
S15 2 11196000 11196999 45426 1000
S15 2 11197000 11197999 46198 1000
S15 2 11198000 11198999 52069 1000
S15 2 11199000 11199999 44582 1000
S15 2 11200000 11200999 37587 1000
S15 2 11201000 11201999 42887 1000
S15 2 11202000 11202999 48026 1000
S15 2 11203000 11203999 54077 994
S15 2 11204000 11204999 45775 1000
S15 2 11205000 11205999 48303 1000
S15 2 11206000 11206999 43141 999
S15 2 11207000 11207999 41115 994
S15 2 11208000 11208999 40562 1000
S15 2 11209000 11209999 42200 1000
S15 2 11210000 11210999 46945 999
S15 2 11211000 11211999 45357 998
S15 2 11212000 11212999 45010 1000
S15 2 11213000 11213999 52645 1000
S15 2 11214000 11214999 49371 1000
S15 2 11215000 11215999 41453 1000
S15 2 11216000 11216999 45827 1000
S15 2 11217000 11217999 43683 1000
S15 2 11218000 11218999 40876 1000
S15 2 11219000 11219999 44482 1000
S15 2 11220000 11220999 30542 1000
S15 2 11221000 11221999 38916 1000
S15 2 11222000 11222999 42144 1000
S15 2 11223000 11223999 40678 1000
S15 2 11224000 11224999 39117 1000
S15 2 11225000 11225999 50368 999
S15 2 11226000 11226999 46228 1000
S15 2 11227000 11227999 48543 1000
S15 2 11228000 11228999 44574 1000
S15 2 11229000 11229999 42657 1000
S15 2 11230000 11230999 42243 1000
S15 2 11231000 11231999 45351 1000
S15 2 11232000 11232999 46487 1000
S15 2 11233000 11233999 49756 1000
S15 2 11234000 11234999 42841 1000
S15 2 11235000 11235999 44567 998
S15 2 11236000 11236999 36931 992
S15 2 11237000 11237999 48709 994
S15 2 11238000 11238999 46535 1000
S15 2 11239000 11239999 38098 1000
S15 2 11240000 11240999 47831 1000
S15 2 11241000 11241999 54283 1000
S15 2 11242000 11242999 43391 1000
S15 2 11243000 11243999 45848 999
S15 2 11244000 11244999 41076 999
S15 2 11245000 11245999 48382 999
S15 2 11246000 11246999 48354 1000
S15 2 11247000 11247999 45368 1000
S15 2 11248000 11248999 46354 1000
S15 2 11249000 11249999 44230 999
S15 2 11250000 11250999 54218 1000
S15 2 11251000 11251999 44589 1000
S15 2 11252000 11252999 44241 1000
S15 2 11253000 11253999 51585 1000
S15 2 11254000 11254999 47408 1000
S15 2 11255000 11255999 45538 998
S15 2 11256000 11256999 49763 1000
S15 2 11257000 11257999 44120 999
S15 2 11258000 11258999 44507 999
S15 2 11259000 11259999 42199 998
S15 2 11260000 11260999 43291 1000
S15 2 11261000 11261999 45261 1000
S15 2 11262000 11262999 44782 998
S15 2 11263000 11263999 43974 1000
S15 2 11264000 11264999 41004 1000
S15 2 11265000 11265999 28486 585
S16 2 11186000 11186999 25736 688
S16 2 11187000 11187999 28917 1000
S16 2 11188000 11188999 35221 1000
S16 2 11189000 11189999 35471 1000
S16 2 11190000 11190999 41632 1000
S16 2 11191000 11191999 41159 1000
S16 2 11192000 11192999 36335 1000
S16 2 11193000 11193999 37681 1000
S16 2 11194000 11194999 37224 1000
S16 2 11195000 11195999 39609 1000
S16 2 11196000 11196999 33106 1000
S16 2 11197000 11197999 39050 1000
S16 2 11198000 11198999 32483 1000
S16 2 11199000 11199999 39463 1000
S16 2 11200000 11200999 28216 1000
S16 2 11201000 11201999 39429 1000
S16 2 11202000 11202999 34113 1000
S16 2 11203000 11203999 33747 994
S16 2 11204000 11204999 32728 1000
S16 2 11205000 11205999 35610 1000
S16 2 11206000 11206999 38448 999
S16 2 11207000 11207999 33918 994
S16 2 11208000 11208999 38917 1000
S16 2 11209000 11209999 38281 1000
S16 2 11210000 11210999 35937 999
S16 2 11211000 11211999 38680 998
S16 2 11212000 11212999 30700 1000
S16 2 11213000 11213999 37990 1000
S16 2 11214000 11214999 34804 1000
S16 2 11215000 11215999 33359 1000
S16 2 11216000 11216999 39514 1000
S16 2 11217000 11217999 33347 1000
S16 2 11218000 11218999 35068 1000
S16 2 11219000 11219999 35432 1000
S16 2 11220000 11220999 36945 1000
S16 2 11221000 11221999 36910 1000
S16 2 11222000 11222999 38487 1000
S16 2 11223000 11223999 39353 1000
S16 2 11224000 11224999 36440 1000
S16 2 11225000 11225999 42635 999
S16 2 11226000 11226999 37220 1000
S16 2 11227000 11227999 36915 1000
S16 2 11228000 11228999 40513 1000
S16 2 11229000 11229999 31460 1000
S16 2 11230000 11230999 39512 1000
S16 2 11231000 11231999 37850 1000
S16 2 11232000 11232999 29146 1000
S16 2 11233000 11233999 39276 1000
S16 2 11234000 11234999 43567 1000
S16 2 11235000 11235999 36063 998
S16 2 11236000 11236999 36774 992
S16 2 11237000 11237999 35388 994
S16 2 11238000 11238999 38648 1000
S16 2 11239000 11239999 32950 1000
S16 2 11240000 11240999 38190 1000
S16 2 11241000 11241999 32538 1000
S16 2 11242000 11242999 36392 1000
S16 2 11243000 11243999 37739 999
S16 2 11244000 11244999 37698 999
S16 2 11245000 11245999 35060 999
S16 2 11246000 11246999 35958 1000
S16 2 11247000 11247999 43583 1000
S16 2 11248000 11248999 34478 1000
S16 2 11249000 11249999 40670 999
S16 2 11250000 11250999 39621 1000
S16 2 11251000 11251999 37122 1000
S16 2 11252000 11252999 38830 1000
S16 2 11253000 11253999 40629 1000
S16 2 11254000 11254999 38869 1000
S16 2 11255000 11255999 36163 998
S16 2 11256000 11256999 42489 1000
S16 2 11257000 11257999 35253 999
S16 2 11258000 11258999 38749 999
S16 2 11259000 11259999 35598 998
S16 2 11260000 11260999 44234 1000
S16 2 11261000 11261999 36665 1000
S16 2 11262000 11262999 37971 998
S16 2 11263000 11263999 30934 1000
S16 2 11264000 11264999 33941 1000
S16 2 11265000 11265999 19445 585
S17 2 11186000 11186999 31051 688
S17 2 11187000 11187999 42521 1000
S17 2 11188000 11188999 45041 1000
S17 2 11189000 11189999 45534 1000
S17 2 11190000 11190999 43347 1000
S17 2 11191000 11191999 49381 1000
S17 2 11192000 11192999 42320 1000
S17 2 11193000 11193999 47068 1000
S17 2 11194000 11194999 44897 1000
S17 2 11195000 11195999 44665 1000
S17 2 11196000 11196999 49720 1000
S17 2 11197000 11197999 47815 1000
S17 2 11198000 11198999 46721 1000
S17 2 11199000 11199999 42850 1000
S17 2 11200000 11200999 37098 1000
S17 2 11201000 11201999 37101 1000
S17 2 11202000 11202999 38556 1000
S17 2 11203000 11203999 42433 994
S17 2 11204000 11204999 39975 1000
S17 2 11205000 11205999 51058 1000
S17 2 11206000 11206999 49787 999
S17 2 11207000 11207999 51759 994
S17 2 11208000 11208999 42001 1000
S17 2 11209000 11209999 45772 1000
S17 2 11210000 11210999 40598 999
S17 2 11211000 11211999 45012 998
S17 2 11212000 11212999 44824 1000
S17 2 11213000 11213999 46018 1000
S17 2 11214000 11214999 48659 1000
S17 2 11215000 11215999 41485 1000
S17 2 11216000 11216999 41907 1000
S17 2 11217000 11217999 42335 1000
S17 2 11218000 11218999 46083 1000
S17 2 11219000 11219999 42897 1000
S17 2 11220000 11220999 39182 1000
S17 2 11221000 11221999 39332 1000
S17 2 11222000 11222999 43414 1000
S17 2 11223000 11223999 41301 1000
S17 2 11224000 11224999 41426 1000
S17 2 11225000 11225999 49726 999
S17 2 11226000 11226999 40928 1000
S17 2 11227000 11227999 46989 1000
S17 2 11228000 11228999 44960 1000
S17 2 11229000 11229999 45288 1000
S17 2 11230000 11230999 39582 1000
S17 2 11231000 11231999 43144 1000
S17 2 11232000 11232999 41909 1000
S17 2 11233000 11233999 43928 1000
S17 2 11234000 11234999 46537 1000
S17 2 11235000 11235999 44908 998
S17 2 11236000 11236999 48742 992
S17 2 11237000 11237999 50214 994
S17 2 11238000 11238999 49931 1000
S17 2 11239000 11239999 44582 1000
S17 2 11240000 11240999 43576 1000
S17 2 11241000 11241999 45906 1000
S17 2 11242000 11242999 45104 1000
S17 2 11243000 11243999 44599 999
S17 2 11244000 11244999 40061 999
S17 2 11245000 11245999 47759 999
S17 2 11246000 11246999 38673 1000
S17 2 11247000 11247999 48440 1000
S17 2 11248000 11248999 45953 1000
S17 2 11249000 11249999 46163 999
S17 2 11250000 11250999 50433 1000
S17 2 11251000 11251999 43353 1000
S17 2 11252000 11252999 46520 1000
S17 2 11253000 11253999 46557 1000
S17 2 11254000 11254999 44080 1000
S17 2 11255000 11255999 39362 998
S17 2 11256000 11256999 47829 1000
S17 2 11257000 11257999 51589 999
S17 2 11258000 11258999 56356 999
S17 2 11259000 11259999 43618 998
S17 2 11260000 11260999 51009 1000
S17 2 11261000 11261999 49908 1000
S17 2 11262000 11262999 41849 998
S17 2 11263000 11263999 46547 1000
S17 2 11264000 11264999 44906 1000
S17 2 11265000 11265999 30243 585
S18 2 11186000 11186999 21337 688
S18 2 11187000 11187999 35462 1000
S18 2 11188000 11188999 34146 1000
S18 2 11189000 11189999 35304 1000
S18 2 11190000 11190999 41490 1000
S18 2 11191000 11191999 41047 1000
S18 2 11192000 11192999 38677 1000
S18 2 11193000 11193999 36180 1000
S18 2 11194000 11194999 34405 1000
S18 2 11195000 11195999 38685 1000
S18 2 11196000 11196999 33170 1000
S18 2 11197000 11197999 35471 1000
S18 2 11198000 11198999 35908 1000
S18 2 11199000 11199999 35864 1000
S18 2 11200000 11200999 26803 1000
S18 2 11201000 11201999 34245 1000
S18 2 11202000 11202999 38225 1000
S18 2 11203000 11203999 39901 994
S18 2 11204000 11204999 38687 1000
S18 2 11205000 11205999 31040 1000
S18 2 11206000 11206999 34872 999
S18 2 11207000 11207999 36086 994
S18 2 11208000 11208999 33782 1000
S18 2 11209000 11209999 29037 1000
S18 2 11210000 11210999 36430 999
S18 2 11211000 11211999 40048 998
S18 2 11212000 11212999 37905 1000
S18 2 11213000 11213999 38702 1000
S18 2 11214000 11214999 33287 1000
S18 2 11215000 11215999 35901 1000
S18 2 11216000 11216999 37299 1000
S18 2 11217000 11217999 35748 1000
S18 2 11218000 11218999 37167 1000
S18 2 11219000 11219999 36745 1000
S18 2 11220000 11220999 34184 1000
S18 2 11221000 11221999 34803 1000
S18 2 11222000 11222999 33449 1000
S18 2 11223000 11223999 38047 1000
S18 2 11224000 11224999 36335 1000
S18 2 11225000 11225999 30576 999
S18 2 11226000 11226999 36388 1000
S18 2 11227000 11227999 37457 1000
S18 2 11228000 11228999 35782 1000
S18 2 11229000 11229999 35951 1000
S18 2 11230000 11230999 36949 1000
S18 2 11231000 11231999 40060 1000
S18 2 11232000 11232999 33806 1000
S18 2 11233000 11233999 33370 1000
S18 2 11234000 11234999 35182 1000
S18 2 11235000 11235999 33627 998
S18 2 11236000 11236999 32448 992
S18 2 11237000 11237999 38741 994
S18 2 11238000 11238999 36617 1000
S18 2 11239000 11239999 39243 1000
S18 2 11240000 11240999 39647 1000
S18 2 11241000 11241999 36053 1000
S18 2 11242000 11242999 39067 1000
S18 2 11243000 11243999 36148 999
S18 2 11244000 11244999 25867 999
S18 2 11245000 11245999 28243 999
S18 2 11246000 11246999 36530 1000
S18 2 11247000 11247999 36820 1000
S18 2 11248000 11248999 34246 1000
S18 2 11249000 11249999 39069 999
S18 2 11250000 11250999 36598 1000
S18 2 11251000 11251999 35837 1000
S18 2 11252000 11252999 33477 1000
S18 2 11253000 11253999 31546 1000
S18 2 11254000 11254999 40772 1000
S18 2 11255000 11255999 30357 998
S18 2 11256000 11256999 42705 1000
S18 2 11257000 11257999 37735 999
S18 2 11258000 11258999 36775 999
S18 2 11259000 11259999 38047 998
S18 2 11260000 11260999 40887 1000
S18 2 11261000 11261999 37233 1000
S18 2 11262000 11262999 38239 998
S18 2 11263000 11263999 38696 1000
S18 2 11264000 11264999 39225 1000
S18 2 11265000 11265999 24174 585
S19 2 11186000 11186999 31822 688
S19 2 11187000 11187999 42321 1000
S19 2 11188000 11188999 50081 1000
S19 2 11189000 11189999 49191 1000
S19 2 11190000 11190999 43550 1000
S19 2 11191000 11191999 47496 1000
S19 2 11192000 11192999 45520 1000
S19 2 11193000 11193999 46400 1000
S19 2 11194000 11194999 53921 1000
S19 2 11195000 11195999 45572 1000
S19 2 11196000 11196999 46104 1000
S19 2 11197000 11197999 47037 1000
S19 2 11198000 11198999 41400 1000
S19 2 11199000 11199999 43655 1000
S19 2 11200000 11200999 39158 1000
S19 2 11201000 11201999 33988 1000
S19 2 11202000 11202999 44614 1000
S19 2 11203000 11203999 39508 994
S19 2 11204000 11204999 47674 1000
S19 2 11205000 11205999 50844 1000
S19 2 11206000 11206999 51213 999
S19 2 11207000 11207999 40798 994
S19 2 11208000 11208999 54632 1000
S19 2 11209000 11209999 49485 1000
S19 2 11210000 11210999 57200 999
S19 2 11211000 11211999 48238 998
S19 2 11212000 11212999 46665 1000
S19 2 11213000 11213999 49465 1000
S19 2 11214000 11214999 42525 1000
S19 2 11215000 11215999 50348 1000
S19 2 11216000 11216999 49296 1000
S19 2 11217000 11217999 48470 1000
S19 2 11218000 11218999 48366 1000
S19 2 11219000 11219999 45342 1000
S19 2 11220000 11220999 43265 1000
S19 2 11221000 11221999 43758 1000
S19 2 11222000 11222999 47273 1000
S19 2 11223000 11223999 46813 1000
S19 2 11224000 11224999 46631 1000
S19 2 11225000 11225999 47534 999
S19 2 11226000 11226999 45404 1000
S19 2 11227000 11227999 56975 1000
S19 2 11228000 11228999 51818 1000
S19 2 11229000 11229999 48591 1000
S19 2 11230000 11230999 51925 1000
S19 2 11231000 11231999 44364 1000
S19 2 11232000 11232999 46407 1000
S19 2 11233000 11233999 54718 1000
S19 2 11234000 11234999 49604 1000
S19 2 11235000 11235999 44961 998
S19 2 11236000 11236999 42196 992
S19 2 11237000 11237999 48683 994
S19 2 11238000 11238999 46219 1000
S19 2 11239000 11239999 48638 1000
S19 2 11240000 11240999 44220 1000
S19 2 11241000 11241999 44886 1000
S19 2 11242000 11242999 41983 1000
S19 2 11243000 11243999 42158 999
S19 2 11244000 11244999 44133 999
S19 2 11245000 11245999 48049 999
S19 2 11246000 11246999 53609 1000
S19 2 11247000 11247999 56669 1000
S19 2 11248000 11248999 59347 1000
S19 2 11249000 11249999 55144 999
S19 2 11250000 11250999 57881 1000
S19 2 11251000 11251999 48692 1000
S19 2 11252000 11252999 45365 1000
S19 2 11253000 11253999 50550 1000
S19 2 11254000 11254999 44704 1000
S19 2 11255000 11255999 43541 998
S19 2 11256000 11256999 41620 1000
S19 2 11257000 11257999 49951 999
S19 2 11258000 11258999 54256 999
S19 2 11259000 11259999 49717 998
S19 2 11260000 11260999 45534 1000
S19 2 11261000 11261999 52169 1000
S19 2 11262000 11262999 47161 998
S19 2 11263000 11263999 42936 1000
S19 2 11264000 11264999 51540 1000
S19 2 11265000 11265999 30612 585
S2 2 11186000 11186999 27118 688
S2 2 11187000 11187999 39924 1000
S2 2 11188000 11188999 36049 1000
S2 2 11189000 11189999 39985 1000
S2 2 11190000 11190999 43477 1000
S2 2 11191000 11191999 49355 1000
S2 2 11192000 11192999 43594 1000
S2 2 11193000 11193999 40603 1000
S2 2 11194000 11194999 44096 1000
S2 2 11195000 11195999 46531 1000
S2 2 11196000 11196999 46676 1000
S2 2 11197000 11197999 47822 1000
S2 2 11198000 11198999 39414 1000
S2 2 11199000 11199999 39809 1000
S2 2 11200000 11200999 40420 1000
S2 2 11201000 11201999 45262 1000
S2 2 11202000 11202999 40697 1000
S2 2 11203000 11203999 44426 994
S2 2 11204000 11204999 43210 1000
S2 2 11205000 11205999 42355 1000
S2 2 11206000 11206999 44219 999
S2 2 11207000 11207999 46903 994
S2 2 11208000 11208999 38418 1000
S2 2 11209000 11209999 46898 1000
S2 2 11210000 11210999 38927 999
S2 2 11211000 11211999 42974 998
S2 2 11212000 11212999 41500 1000
S2 2 11213000 11213999 41716 1000
S2 2 11214000 11214999 50356 1000
S2 2 11215000 11215999 42598 1000
S2 2 11216000 11216999 42600 1000
S2 2 11217000 11217999 44922 1000
S2 2 11218000 11218999 44002 1000
S2 2 11219000 11219999 46896 1000
S2 2 11220000 11220999 44187 1000
S2 2 11221000 11221999 44873 1000
S2 2 11222000 11222999 36553 1000
S2 2 11223000 11223999 40094 1000
S2 2 11224000 11224999 42407 1000
S2 2 11225000 11225999 42262 999
S2 2 11226000 11226999 39894 1000
S2 2 11227000 11227999 43032 1000
S2 2 11228000 11228999 46837 1000
S2 2 11229000 11229999 41056 1000
S2 2 11230000 11230999 41149 1000
S2 2 11231000 11231999 45100 1000
S2 2 11232000 11232999 44207 1000
S2 2 11233000 11233999 42519 1000
S2 2 11234000 11234999 45516 1000
S2 2 11235000 11235999 42136 998
S2 2 11236000 11236999 39386 992
S2 2 11237000 11237999 38829 994
S2 2 11238000 11238999 46097 1000
S2 2 11239000 11239999 43487 1000
S2 2 11240000 11240999 41510 1000
S2 2 11241000 11241999 43474 1000
S2 2 11242000 11242999 43989 1000
S2 2 11243000 11243999 36071 999
S2 2 11244000 11244999 48761 999
S2 2 11245000 11245999 50256 999
S2 2 11246000 11246999 42527 1000
S2 2 11247000 11247999 44252 1000
S2 2 11248000 11248999 41377 1000
S2 2 11249000 11249999 40048 999
S2 2 11250000 11250999 38263 1000
S2 2 11251000 11251999 40617 1000
S2 2 11252000 11252999 43691 1000
S2 2 11253000 11253999 50128 1000
S2 2 11254000 11254999 42624 1000
S2 2 11255000 11255999 39339 998
S2 2 11256000 11256999 41408 1000
S2 2 11257000 11257999 44682 999
S2 2 11258000 11258999 43995 999
S2 2 11259000 11259999 46827 998
S2 2 11260000 11260999 49557 1000
S2 2 11261000 11261999 42147 1000
S2 2 11262000 11262999 43221 998
S2 2 11263000 11263999 40490 1000
S2 2 11264000 11264999 40923 1000
S2 2 11265000 11265999 22808 585
S20 2 11186000 11186999 32365 688
S20 2 11187000 11187999 43384 1000
S20 2 11188000 11188999 51285 1000
S20 2 11189000 11189999 45258 1000
S20 2 11190000 11190999 47606 1000
S20 2 11191000 11191999 49715 1000
S20 2 11192000 11192999 49649 1000
S20 2 11193000 11193999 48049 1000
S20 2 11194000 11194999 46054 1000
S20 2 11195000 11195999 48523 1000
S20 2 11196000 11196999 48183 1000
S20 2 11197000 11197999 52538 1000
S20 2 11198000 11198999 48134 1000
S20 2 11199000 11199999 49325 1000
S20 2 11200000 11200999 33230 1000
S20 2 11201000 11201999 42483 1000
S20 2 11202000 11202999 51754 1000
S20 2 11203000 11203999 42750 994
S20 2 11204000 11204999 43103 1000
S20 2 11205000 11205999 49066 1000
S20 2 11206000 11206999 50170 999
S20 2 11207000 11207999 49643 994
S20 2 11208000 11208999 47330 1000
S20 2 11209000 11209999 46483 1000
S20 2 11210000 11210999 41995 999
S20 2 11211000 11211999 47705 998
S20 2 11212000 11212999 42824 1000
S20 2 11213000 11213999 54767 1000
S20 2 11214000 11214999 54815 1000
S20 2 11215000 11215999 52186 1000
S20 2 11216000 11216999 46096 1000
S20 2 11217000 11217999 46284 1000
S20 2 11218000 11218999 48357 1000
S20 2 11219000 11219999 51947 1000
S20 2 11220000 11220999 49818 1000
S20 2 11221000 11221999 46384 1000
S20 2 11222000 11222999 48821 1000
S20 2 11223000 11223999 45907 1000
S20 2 11224000 11224999 49307 1000
S20 2 11225000 11225999 49746 999
S20 2 11226000 11226999 51909 1000
S20 2 11227000 11227999 48920 1000
S20 2 11228000 11228999 46415 1000
S20 2 11229000 11229999 44810 1000
S20 2 11230000 11230999 47100 1000
S20 2 11231000 11231999 42361 1000
S20 2 11232000 11232999 39793 1000
S20 2 11233000 11233999 50833 1000
S20 2 11234000 11234999 46807 1000
S20 2 11235000 11235999 47577 998
S20 2 11236000 11236999 37988 992
S20 2 11237000 11237999 45793 994
S20 2 11238000 11238999 50242 1000
S20 2 11239000 11239999 44670 1000
S20 2 11240000 11240999 41959 1000
S20 2 11241000 11241999 44841 1000
S20 2 11242000 11242999 44474 1000
S20 2 11243000 11243999 48030 999
S20 2 11244000 11244999 45692 999
S20 2 11245000 11245999 50915 999
S20 2 11246000 11246999 57648 1000
S20 2 11247000 11247999 52200 1000
S20 2 11248000 11248999 49126 1000
S20 2 11249000 11249999 46195 999
S20 2 11250000 11250999 49095 1000
S20 2 11251000 11251999 42842 1000
S20 2 11252000 11252999 44285 1000
S20 2 11253000 11253999 48158 1000
S20 2 11254000 11254999 46686 1000
S20 2 11255000 11255999 41619 998
S20 2 11256000 11256999 44614 1000
S20 2 11257000 11257999 48037 999
S20 2 11258000 11258999 53102 999
S20 2 11259000 11259999 51724 998
S20 2 11260000 11260999 47566 1000
S20 2 11261000 11261999 49381 1000
S20 2 11262000 11262999 44737 998
S20 2 11263000 11263999 49940 1000
S20 2 11264000 11264999 44595 1000
S20 2 11265000 11265999 22581 585
S21 2 11186000 11186999 33204 688
S21 2 11187000 11187999 47768 1000
S21 2 11188000 11188999 51074 1000
S21 2 11189000 11189999 52386 1000
S21 2 11190000 11190999 51633 1000
S21 2 11191000 11191999 54459 1000
S21 2 11192000 11192999 56539 1000
S21 2 11193000 11193999 49734 1000
S21 2 11194000 11194999 48273 1000
S21 2 11195000 11195999 62894 1000
S21 2 11196000 11196999 57320 1000
S21 2 11197000 11197999 51137 1000
S21 2 11198000 11198999 51216 1000
S21 2 11199000 11199999 49310 1000
S21 2 11200000 11200999 41750 1000
S21 2 11201000 11201999 43853 1000
S21 2 11202000 11202999 58441 1000
S21 2 11203000 11203999 46115 994
S21 2 11204000 11204999 45862 1000
S21 2 11205000 11205999 54937 1000
S21 2 11206000 11206999 43338 999
S21 2 11207000 11207999 52660 994
S21 2 11208000 11208999 53972 1000
S21 2 11209000 11209999 56380 1000
S21 2 11210000 11210999 47649 999
S21 2 11211000 11211999 53473 998
S21 2 11212000 11212999 48138 1000
S21 2 11213000 11213999 55238 1000
S21 2 11214000 11214999 59513 1000
S21 2 11215000 11215999 53207 1000
S21 2 11216000 11216999 51766 1000
S21 2 11217000 11217999 49677 1000
S21 2 11218000 11218999 51748 1000
S21 2 11219000 11219999 54906 1000
S21 2 11220000 11220999 49531 1000
S21 2 11221000 11221999 44755 1000
S21 2 11222000 11222999 48103 1000
S21 2 11223000 11223999 53047 1000
S21 2 11224000 11224999 60966 1000
S21 2 11225000 11225999 63716 999
S21 2 11226000 11226999 40326 1000
S21 2 11227000 11227999 48352 1000
S21 2 11228000 11228999 52536 1000
S21 2 11229000 11229999 43058 1000
S21 2 11230000 11230999 51317 1000
S21 2 11231000 11231999 47763 1000
S21 2 11232000 11232999 47794 1000
S21 2 11233000 11233999 56211 1000
S21 2 11234000 11234999 56365 1000
S21 2 11235000 11235999 57045 998
S21 2 11236000 11236999 48389 992
S21 2 11237000 11237999 60150 994
S21 2 11238000 11238999 51310 1000
S21 2 11239000 11239999 55057 1000
S21 2 11240000 11240999 54588 1000
S21 2 11241000 11241999 53826 1000
S21 2 11242000 11242999 47574 1000
S21 2 11243000 11243999 46231 999
S21 2 11244000 11244999 54084 999
S21 2 11245000 11245999 54649 999
S21 2 11246000 11246999 56101 1000
S21 2 11247000 11247999 57963 1000
S21 2 11248000 11248999 48833 1000
S21 2 11249000 11249999 54021 999
S21 2 11250000 11250999 52439 1000
S21 2 11251000 11251999 55167 1000
S21 2 11252000 11252999 50310 1000
S21 2 11253000 11253999 55878 1000
S21 2 11254000 11254999 55967 1000
S21 2 11255000 11255999 45000 998
S21 2 11256000 11256999 57479 1000
S21 2 11257000 11257999 54875 999
S21 2 11258000 11258999 58221 999
S21 2 11259000 11259999 53280 998
S21 2 11260000 11260999 57356 1000
S21 2 11261000 11261999 53503 1000
S21 2 11262000 11262999 49290 998
S21 2 11263000 11263999 51995 1000
S21 2 11264000 11264999 54622 1000
S21 2 11265000 11265999 34379 585
S22 2 11186000 11186999 18399 688
S22 2 11187000 11187999 26613 1000
S22 2 11188000 11188999 30110 1000
S22 2 11189000 11189999 36256 1000
S22 2 11190000 11190999 19248 1000
S22 2 11191000 11191999 30430 1000
S22 2 11192000 11192999 44863 1000
S22 2 11193000 11193999 39044 1000
S22 2 11194000 11194999 40570 1000
S22 2 11195000 11195999 38096 1000
S22 2 11196000 11196999 36540 1000
S22 2 11197000 11197999 34390 1000
S22 2 11198000 11198999 21971 1000
S22 2 11199000 11199999 35884 1000
S22 2 11200000 11200999 23153 1000
S22 2 11201000 11201999 17681 1000
S22 2 11202000 11202999 39405 1000
S22 2 11203000 11203999 22637 994
S22 2 11204000 11204999 22108 1000
S22 2 11205000 11205999 28557 1000
S22 2 11206000 11206999 29574 999
S22 2 11207000 11207999 22265 994
S22 2 11208000 11208999 38620 1000
S22 2 11209000 11209999 31786 1000
S22 2 11210000 11210999 34396 999
S22 2 11211000 11211999 34900 998
S22 2 11212000 11212999 38765 1000
S22 2 11213000 11213999 38145 1000
S22 2 11214000 11214999 28279 1000
S22 2 11215000 11215999 30800 1000
S22 2 11216000 11216999 38416 1000
S22 2 11217000 11217999 36988 1000
S22 2 11218000 11218999 36802 1000
S22 2 11219000 11219999 20905 1000
S22 2 11220000 11220999 28376 1000
S22 2 11221000 11221999 34725 1000
S22 2 11222000 11222999 40475 1000
S22 2 11223000 11223999 36896 1000
S22 2 11224000 11224999 36159 1000
S22 2 11225000 11225999 21789 999
S22 2 11226000 11226999 32615 1000
S22 2 11227000 11227999 37628 1000
S22 2 11228000 11228999 44028 1000
S22 2 11229000 11229999 41506 1000
S22 2 11230000 11230999 40577 1000
S22 2 11231000 11231999 29141 1000
S22 2 11232000 11232999 38169 1000
S22 2 11233000 11233999 36172 1000
S22 2 11234000 11234999 37706 1000
S22 2 11235000 11235999 27237 998
S22 2 11236000 11236999 29266 992
S22 2 11237000 11237999 34959 994
S22 2 11238000 11238999 40008 1000
S22 2 11239000 11239999 38469 1000
S22 2 11240000 11240999 36514 1000
S22 2 11241000 11241999 21530 1000
S22 2 11242000 11242999 31072 1000
S22 2 11243000 11243999 43322 999
S22 2 11244000 11244999 22264 999
S22 2 11245000 11245999 30265 999
S22 2 11246000 11246999 33189 1000
S22 2 11247000 11247999 28458 1000
S22 2 11248000 11248999 37740 1000
S22 2 11249000 11249999 38830 999
S22 2 11250000 11250999 42673 1000
S22 2 11251000 11251999 45147 1000
S22 2 11252000 11252999 38745 1000
S22 2 11253000 11253999 28367 1000
S22 2 11254000 11254999 31839 1000
S22 2 11255000 11255999 16594 998
S22 2 11256000 11256999 46175 1000
S22 2 11257000 11257999 43952 999
S22 2 11258000 11258999 42583 999
S22 2 11259000 11259999 37984 998
S22 2 11260000 11260999 24847 1000
S22 2 11261000 11261999 31421 1000
S22 2 11262000 11262999 42146 998
S22 2 11263000 11263999 42875 1000
S22 2 11264000 11264999 44747 1000
S22 2 11265000 11265999 29265 585
S3 2 11186000 11186999 34412 688
S3 2 11187000 11187999 45708 1000
S3 2 11188000 11188999 49049 1000
S3 2 11189000 11189999 52152 1000
S3 2 11190000 11190999 64430 1000
S3 2 11191000 11191999 69636 1000
S3 2 11192000 11192999 59132 1000
S3 2 11193000 11193999 55065 1000
S3 2 11194000 11194999 48216 1000
S3 2 11195000 11195999 55811 1000
S3 2 11196000 11196999 51814 1000
S3 2 11197000 11197999 60153 1000
S3 2 11198000 11198999 51804 1000
S3 2 11199000 11199999 46126 1000
S3 2 11200000 11200999 42921 1000
S3 2 11201000 11201999 56444 1000
S3 2 11202000 11202999 56826 1000
S3 2 11203000 11203999 57848 994
S3 2 11204000 11204999 57037 1000
S3 2 11205000 11205999 52248 1000
S3 2 11206000 11206999 55980 999
S3 2 11207000 11207999 52122 994
S3 2 11208000 11208999 52337 1000
S3 2 11209000 11209999 53468 1000
S3 2 11210000 11210999 58568 999
S3 2 11211000 11211999 60618 998
S3 2 11212000 11212999 52187 1000
S3 2 11213000 11213999 60448 1000
S3 2 11214000 11214999 63556 1000
S3 2 11215000 11215999 53485 1000
S3 2 11216000 11216999 50194 1000
S3 2 11217000 11217999 45602 1000
S3 2 11218000 11218999 40745 1000
S3 2 11219000 11219999 49655 1000
S3 2 11220000 11220999 52108 1000
S3 2 11221000 11221999 46984 1000
S3 2 11222000 11222999 53683 1000
S3 2 11223000 11223999 51860 1000
S3 2 11224000 11224999 47972 1000
S3 2 11225000 11225999 57878 999
S3 2 11226000 11226999 49182 1000
S3 2 11227000 11227999 58314 1000
S3 2 11228000 11228999 54564 1000
S3 2 11229000 11229999 50226 1000
S3 2 11230000 11230999 47748 1000
S3 2 11231000 11231999 51545 1000
S3 2 11232000 11232999 49472 1000
S3 2 11233000 11233999 50695 1000
S3 2 11234000 11234999 51590 1000
S3 2 11235000 11235999 60056 998
S3 2 11236000 11236999 53726 992
S3 2 11237000 11237999 60269 994
S3 2 11238000 11238999 57464 1000
S3 2 11239000 11239999 53181 1000
S3 2 11240000 11240999 55217 1000
S3 2 11241000 11241999 62833 1000
S3 2 11242000 11242999 54721 1000
S3 2 11243000 11243999 54144 999
S3 2 11244000 11244999 57426 999
S3 2 11245000 11245999 57046 999
S3 2 11246000 11246999 53130 1000
S3 2 11247000 11247999 50834 1000
S3 2 11248000 11248999 54242 1000
S3 2 11249000 11249999 55135 999
S3 2 11250000 11250999 56691 1000
S3 2 11251000 11251999 58631 1000
S3 2 11252000 11252999 59020 1000
S3 2 11253000 11253999 65174 1000
S3 2 11254000 11254999 60011 1000
S3 2 11255000 11255999 62656 998
S3 2 11256000 11256999 55080 1000
S3 2 11257000 11257999 60631 999
S3 2 11258000 11258999 53211 999
S3 2 11259000 11259999 53823 998
S3 2 11260000 11260999 62760 1000
S3 2 11261000 11261999 57058 1000
S3 2 11262000 11262999 55936 998
S3 2 11263000 11263999 54481 1000
S3 2 11264000 11264999 57045 1000
S3 2 11265000 11265999 35799 585
S4 2 11186000 11186999 24073 688
S4 2 11187000 11187999 38335 1000
S4 2 11188000 11188999 36886 1000
S4 2 11189000 11189999 41958 1000
S4 2 11190000 11190999 49548 1000
S4 2 11191000 11191999 47947 1000
S4 2 11192000 11192999 55354 1000
S4 2 11193000 11193999 53877 1000
S4 2 11194000 11194999 59116 1000
S4 2 11195000 11195999 62748 1000
S4 2 11196000 11196999 58409 1000
S4 2 11197000 11197999 64138 1000
S4 2 11198000 11198999 38215 1000
S4 2 11199000 11199999 58948 1000
S4 2 11200000 11200999 45900 1000
S4 2 11201000 11201999 46514 1000
S4 2 11202000 11202999 56406 1000
S4 2 11203000 11203999 30623 994
S4 2 11204000 11204999 40554 1000
S4 2 11205000 11205999 51857 1000
S4 2 11206000 11206999 44476 999
S4 2 11207000 11207999 33224 994
S4 2 11208000 11208999 40898 1000
S4 2 11209000 11209999 44829 1000
S4 2 11210000 11210999 39703 999
S4 2 11211000 11211999 36424 998
S4 2 11212000 11212999 41858 1000
S4 2 11213000 11213999 48357 1000
S4 2 11214000 11214999 41460 1000
S4 2 11215000 11215999 41005 1000
S4 2 11216000 11216999 47781 1000
S4 2 11217000 11217999 41460 1000
S4 2 11218000 11218999 38798 1000
S4 2 11219000 11219999 42747 1000
S4 2 11220000 11220999 42873 1000
S4 2 11221000 11221999 51288 1000
S4 2 11222000 11222999 45578 1000
S4 2 11223000 11223999 50956 1000
S4 2 11224000 11224999 42782 1000
S4 2 11225000 11225999 38884 999
S4 2 11226000 11226999 40366 1000
S4 2 11227000 11227999 46488 1000
S4 2 11228000 11228999 43292 1000
S4 2 11229000 11229999 41915 1000
S4 2 11230000 11230999 42591 1000
S4 2 11231000 11231999 41991 1000
S4 2 11232000 11232999 42891 1000
S4 2 11233000 11233999 47505 1000
S4 2 11234000 11234999 46247 1000
S4 2 11235000 11235999 37337 998
S4 2 11236000 11236999 42829 992
S4 2 11237000 11237999 40409 994
S4 2 11238000 11238999 46240 1000
S4 2 11239000 11239999 45353 1000
S4 2 11240000 11240999 46930 1000
S4 2 11241000 11241999 42658 1000
S4 2 11242000 11242999 40947 1000
S4 2 11243000 11243999 39801 999
S4 2 11244000 11244999 32686 999
S4 2 11245000 11245999 41981 999
S4 2 11246000 11246999 43801 1000
S4 2 11247000 11247999 41904 1000
S4 2 11248000 11248999 41666 1000
S4 2 11249000 11249999 42825 999
S4 2 11250000 11250999 38987 1000
S4 2 11251000 11251999 41059 1000
S4 2 11252000 11252999 43551 1000
S4 2 11253000 11253999 39303 1000
S4 2 11254000 11254999 45276 1000
S4 2 11255000 11255999 39525 998
S4 2 11256000 11256999 44296 1000
S4 2 11257000 11257999 45016 999
S4 2 11258000 11258999 47050 999
S4 2 11259000 11259999 43260 998
S4 2 11260000 11260999 37270 1000
S4 2 11261000 11261999 40138 1000
S4 2 11262000 11262999 47913 998
S4 2 11263000 11263999 42478 1000
S4 2 11264000 11264999 43381 1000
S4 2 11265000 11265999 24742 585
S5 2 11186000 11186999 30004 688
S5 2 11187000 11187999 32933 1000
S5 2 11188000 11188999 42957 1000
S5 2 11189000 11189999 45399 1000
S5 2 11190000 11190999 50731 1000
S5 2 11191000 11191999 50095 1000
S5 2 11192000 11192999 43785 1000
S5 2 11193000 11193999 40729 1000
S5 2 11194000 11194999 44082 1000
S5 2 11195000 11195999 45127 1000
S5 2 11196000 11196999 42567 1000
S5 2 11197000 11197999 39461 1000
S5 2 11198000 11198999 38384 1000
S5 2 11199000 11199999 44409 1000
S5 2 11200000 11200999 33897 1000
S5 2 11201000 11201999 39219 1000
S5 2 11202000 11202999 42361 1000
S5 2 11203000 11203999 41142 994
S5 2 11204000 11204999 41038 1000
S5 2 11205000 11205999 42050 1000
S5 2 11206000 11206999 40776 999
S5 2 11207000 11207999 33318 994
S5 2 11208000 11208999 40018 1000
S5 2 11209000 11209999 44694 1000
S5 2 11210000 11210999 39260 999
S5 2 11211000 11211999 39748 998
S5 2 11212000 11212999 37946 1000
S5 2 11213000 11213999 42645 1000
S5 2 11214000 11214999 42422 1000
S5 2 11215000 11215999 40715 1000
S5 2 11216000 11216999 43862 1000
S5 2 11217000 11217999 46363 1000
S5 2 11218000 11218999 37805 1000
S5 2 11219000 11219999 44677 1000
S5 2 11220000 11220999 45816 1000
S5 2 11221000 11221999 42210 1000
S5 2 11222000 11222999 39621 1000
S5 2 11223000 11223999 40720 1000
S5 2 11224000 11224999 42289 1000
S5 2 11225000 11225999 45462 999
S5 2 11226000 11226999 38907 1000
S5 2 11227000 11227999 41374 1000
S5 2 11228000 11228999 42206 1000
S5 2 11229000 11229999 39579 1000
S5 2 11230000 11230999 41183 1000
S5 2 11231000 11231999 39625 1000
S5 2 11232000 11232999 44335 1000
S5 2 11233000 11233999 42486 1000
S5 2 11234000 11234999 42828 1000
S5 2 11235000 11235999 40473 998
S5 2 11236000 11236999 34562 992
S5 2 11237000 11237999 46527 994
S5 2 11238000 11238999 45229 1000
S5 2 11239000 11239999 40749 1000
S5 2 11240000 11240999 38887 1000
S5 2 11241000 11241999 46026 1000
S5 2 11242000 11242999 39249 1000
S5 2 11243000 11243999 40103 999
S5 2 11244000 11244999 46781 999
S5 2 11245000 11245999 44294 999
S5 2 11246000 11246999 45448 1000
S5 2 11247000 11247999 56862 1000
S5 2 11248000 11248999 43293 1000
S5 2 11249000 11249999 42653 999
S5 2 11250000 11250999 44243 1000
S5 2 11251000 11251999 38549 1000
S5 2 11252000 11252999 39819 1000
S5 2 11253000 11253999 47085 1000
S5 2 11254000 11254999 42311 1000
S5 2 11255000 11255999 40409 998
S5 2 11256000 11256999 42439 1000
S5 2 11257000 11257999 40607 999
S5 2 11258000 11258999 42805 999
S5 2 11259000 11259999 41247 998
S5 2 11260000 11260999 42683 1000
S5 2 11261000 11261999 48627 1000
S5 2 11262000 11262999 39451 998
S5 2 11263000 11263999 38374 1000
S5 2 11264000 11264999 40177 1000
S5 2 11265000 11265999 28079 585
S6 2 11186000 11186999 33068 688
S6 2 11187000 11187999 36726 1000
S6 2 11188000 11188999 46017 1000
S6 2 11189000 11189999 47991 1000
S6 2 11190000 11190999 53834 1000
S6 2 11191000 11191999 46206 1000
S6 2 11192000 11192999 41391 1000
S6 2 11193000 11193999 43262 1000
S6 2 11194000 11194999 46226 1000
S6 2 11195000 11195999 46212 1000
S6 2 11196000 11196999 43369 1000
S6 2 11197000 11197999 45659 1000
S6 2 11198000 11198999 44112 1000
S6 2 11199000 11199999 48461 1000
S6 2 11200000 11200999 33982 1000
S6 2 11201000 11201999 39010 1000
S6 2 11202000 11202999 44639 1000
S6 2 11203000 11203999 39240 994
S6 2 11204000 11204999 47978 1000
S6 2 11205000 11205999 51647 1000
S6 2 11206000 11206999 44546 999
S6 2 11207000 11207999 39028 994
S6 2 11208000 11208999 38232 1000
S6 2 11209000 11209999 40911 1000
S6 2 11210000 11210999 45647 999
S6 2 11211000 11211999 42859 998
S6 2 11212000 11212999 37759 1000
S6 2 11213000 11213999 45786 1000
S6 2 11214000 11214999 45145 1000
S6 2 11215000 11215999 43979 1000
S6 2 11216000 11216999 47705 1000
S6 2 11217000 11217999 45198 1000
S6 2 11218000 11218999 43679 1000
S6 2 11219000 11219999 46741 1000
S6 2 11220000 11220999 32627 1000
S6 2 11221000 11221999 44426 1000
S6 2 11222000 11222999 42057 1000
S6 2 11223000 11223999 43119 1000
S6 2 11224000 11224999 41645 1000
S6 2 11225000 11225999 49733 999
S6 2 11226000 11226999 42212 1000
S6 2 11227000 11227999 43894 1000
S6 2 11228000 11228999 44360 1000
S6 2 11229000 11229999 45881 1000
S6 2 11230000 11230999 43390 1000
S6 2 11231000 11231999 46258 1000
S6 2 11232000 11232999 48097 1000
S6 2 11233000 11233999 43818 1000
S6 2 11234000 11234999 49550 1000
S6 2 11235000 11235999 42219 998
S6 2 11236000 11236999 40502 992
S6 2 11237000 11237999 54219 994
S6 2 11238000 11238999 43916 1000
S6 2 11239000 11239999 42403 1000
S6 2 11240000 11240999 41021 1000
S6 2 11241000 11241999 44582 1000
S6 2 11242000 11242999 44981 1000
S6 2 11243000 11243999 43816 999
S6 2 11244000 11244999 42207 999
S6 2 11245000 11245999 45916 999
S6 2 11246000 11246999 46901 1000
S6 2 11247000 11247999 47869 1000
S6 2 11248000 11248999 41705 1000
S6 2 11249000 11249999 55630 999
S6 2 11250000 11250999 53886 1000
S6 2 11251000 11251999 42679 1000
S6 2 11252000 11252999 40428 1000
S6 2 11253000 11253999 46998 1000
S6 2 11254000 11254999 47105 1000
S6 2 11255000 11255999 35518 998
S6 2 11256000 11256999 43633 1000
S6 2 11257000 11257999 46286 999
S6 2 11258000 11258999 49740 999
S6 2 11259000 11259999 44688 998
S6 2 11260000 11260999 41451 1000
S6 2 11261000 11261999 50250 1000
S6 2 11262000 11262999 48342 998
S6 2 11263000 11263999 42034 1000
S6 2 11264000 11264999 45962 1000
S6 2 11265000 11265999 24609 585
S7 2 11186000 11186999 20106 688
S7 2 11187000 11187999 28541 1000
S7 2 11188000 11188999 33298 1000
S7 2 11189000 11189999 35988 1000
S7 2 11190000 11190999 31797 1000
S7 2 11191000 11191999 25953 1000
S7 2 11192000 11192999 27636 1000
S7 2 11193000 11193999 33290 1000
S7 2 11194000 11194999 32419 1000
S7 2 11195000 11195999 30033 1000
S7 2 11196000 11196999 32365 1000
S7 2 11197000 11197999 32428 1000
S7 2 11198000 11198999 24839 1000
S7 2 11199000 11199999 29089 1000
S7 2 11200000 11200999 25490 1000
S7 2 11201000 11201999 27930 1000
S7 2 11202000 11202999 35725 1000
S7 2 11203000 11203999 25192 994
S7 2 11204000 11204999 33024 1000
S7 2 11205000 11205999 30718 1000
S7 2 11206000 11206999 33754 999
S7 2 11207000 11207999 31687 994
S7 2 11208000 11208999 34096 1000
S7 2 11209000 11209999 28782 1000
S7 2 11210000 11210999 32009 999
S7 2 11211000 11211999 31831 998
S7 2 11212000 11212999 27955 1000
S7 2 11213000 11213999 33874 1000
S7 2 11214000 11214999 32949 1000
S7 2 11215000 11215999 34546 1000
S7 2 11216000 11216999 33062 1000
S7 2 11217000 11217999 33403 1000
S7 2 11218000 11218999 31505 1000
S7 2 11219000 11219999 30409 1000
S7 2 11220000 11220999 26828 1000
S7 2 11221000 11221999 35404 1000
S7 2 11222000 11222999 33162 1000
S7 2 11223000 11223999 34195 1000
S7 2 11224000 11224999 29759 1000
S7 2 11225000 11225999 28845 999
S7 2 11226000 11226999 33461 1000
S7 2 11227000 11227999 35297 1000
S7 2 11228000 11228999 34424 1000
S7 2 11229000 11229999 32843 1000
S7 2 11230000 11230999 32879 1000
S7 2 11231000 11231999 28041 1000
S7 2 11232000 11232999 30276 1000
S7 2 11233000 11233999 33903 1000
S7 2 11234000 11234999 39963 1000
S7 2 11235000 11235999 31054 998
S7 2 11236000 11236999 28058 992
S7 2 11237000 11237999 28530 994
S7 2 11238000 11238999 34713 1000
S7 2 11239000 11239999 33608 1000
S7 2 11240000 11240999 35256 1000
S7 2 11241000 11241999 29582 1000
S7 2 11242000 11242999 27856 1000
S7 2 11243000 11243999 28400 999
S7 2 11244000 11244999 28183 999
S7 2 11245000 11245999 33306 999
S7 2 11246000 11246999 33217 1000
S7 2 11247000 11247999 31898 1000
S7 2 11248000 11248999 34052 1000
S7 2 11249000 11249999 36757 999
S7 2 11250000 11250999 33337 1000
S7 2 11251000 11251999 30404 1000
S7 2 11252000 11252999 33419 1000
S7 2 11253000 11253999 32437 1000
S7 2 11254000 11254999 28569 1000
S7 2 11255000 11255999 28436 998
S7 2 11256000 11256999 35405 1000
S7 2 11257000 11257999 37627 999
S7 2 11258000 11258999 34818 999
S7 2 11259000 11259999 36766 998
S7 2 11260000 11260999 32110 1000
S7 2 11261000 11261999 29091 1000
S7 2 11262000 11262999 40057 998
S7 2 11263000 11263999 33279 1000
S7 2 11264000 11264999 33638 1000
S7 2 11265000 11265999 18761 585
S8 2 11186000 11186999 33786 688
S8 2 11187000 11187999 50786 1000
S8 2 11188000 11188999 46979 1000
S8 2 11189000 11189999 49420 1000
S8 2 11190000 11190999 49691 1000
S8 2 11191000 11191999 48883 1000
S8 2 11192000 11192999 46149 1000
S8 2 11193000 11193999 55697 1000
S8 2 11194000 11194999 47296 1000
S8 2 11195000 11195999 45447 1000
S8 2 11196000 11196999 45298 1000
S8 2 11197000 11197999 53555 1000
S8 2 11198000 11198999 49462 1000
S8 2 11199000 11199999 45800 1000
S8 2 11200000 11200999 38483 1000
S8 2 11201000 11201999 45510 1000
S8 2 11202000 11202999 46684 1000
S8 2 11203000 11203999 54506 994
S8 2 11204000 11204999 50210 1000
S8 2 11205000 11205999 50187 1000
S8 2 11206000 11206999 47662 999
S8 2 11207000 11207999 49744 994
S8 2 11208000 11208999 51281 1000
S8 2 11209000 11209999 47632 1000
S8 2 11210000 11210999 43730 999
S8 2 11211000 11211999 45547 998
S8 2 11212000 11212999 42441 1000
S8 2 11213000 11213999 47858 1000
S8 2 11214000 11214999 46562 1000
S8 2 11215000 11215999 48607 1000
S8 2 11216000 11216999 38473 1000
S8 2 11217000 11217999 44065 1000
S8 2 11218000 11218999 44531 1000
S8 2 11219000 11219999 49351 1000
S8 2 11220000 11220999 45645 1000
S8 2 11221000 11221999 44338 1000
S8 2 11222000 11222999 49009 1000
S8 2 11223000 11223999 52816 1000
S8 2 11224000 11224999 47914 1000
S8 2 11225000 11225999 53046 999
S8 2 11226000 11226999 47390 1000
S8 2 11227000 11227999 50210 1000
S8 2 11228000 11228999 45661 1000
S8 2 11229000 11229999 49698 1000
S8 2 11230000 11230999 41579 1000
S8 2 11231000 11231999 48662 1000
S8 2 11232000 11232999 48313 1000
S8 2 11233000 11233999 44318 1000
S8 2 11234000 11234999 49692 1000
S8 2 11235000 11235999 47261 998
S8 2 11236000 11236999 37485 992
S8 2 11237000 11237999 52705 994
S8 2 11238000 11238999 47474 1000
S8 2 11239000 11239999 45478 1000
S8 2 11240000 11240999 47998 1000
S8 2 11241000 11241999 55524 1000
S8 2 11242000 11242999 53534 1000
S8 2 11243000 11243999 41986 999
S8 2 11244000 11244999 44413 999
S8 2 11245000 11245999 53643 999
S8 2 11246000 11246999 54341 1000
S8 2 11247000 11247999 51671 1000
S8 2 11248000 11248999 48518 1000
S8 2 11249000 11249999 46979 999
S8 2 11250000 11250999 45755 1000
S8 2 11251000 11251999 44638 1000
S8 2 11252000 11252999 42645 1000
S8 2 11253000 11253999 50235 1000
S8 2 11254000 11254999 43627 1000
S8 2 11255000 11255999 56584 998
S8 2 11256000 11256999 49092 1000
S8 2 11257000 11257999 46418 999
S8 2 11258000 11258999 48348 999
S8 2 11259000 11259999 44970 998
S8 2 11260000 11260999 50089 1000
S8 2 11261000 11261999 44889 1000
S8 2 11262000 11262999 43078 998
S8 2 11263000 11263999 48316 1000
S8 2 11264000 11264999 46294 1000
S8 2 11265000 11265999 26268 585
S9 2 11186000 11186999 37554 688
S9 2 11187000 11187999 42797 1000
S9 2 11188000 11188999 43578 1000
S9 2 11189000 11189999 47491 1000
S9 2 11190000 11190999 59611 1000
S9 2 11191000 11191999 59826 1000
S9 2 11192000 11192999 49762 1000
S9 2 11193000 11193999 42674 1000
S9 2 11194000 11194999 49166 1000
S9 2 11195000 11195999 47602 1000
S9 2 11196000 11196999 44021 1000
S9 2 11197000 11197999 48818 1000
S9 2 11198000 11198999 41971 1000
S9 2 11199000 11199999 48462 1000
S9 2 11200000 11200999 37682 1000
S9 2 11201000 11201999 47928 1000
S9 2 11202000 11202999 43330 1000
S9 2 11203000 11203999 59692 994
S9 2 11204000 11204999 54227 1000
S9 2 11205000 11205999 56531 1000
S9 2 11206000 11206999 50800 999
S9 2 11207000 11207999 51399 994
S9 2 11208000 11208999 48728 1000
S9 2 11209000 11209999 46044 1000
S9 2 11210000 11210999 46712 999
S9 2 11211000 11211999 44566 998
S9 2 11212000 11212999 43396 1000
S9 2 11213000 11213999 46285 1000
S9 2 11214000 11214999 52755 1000
S9 2 11215000 11215999 43862 1000
S9 2 11216000 11216999 48529 1000
S9 2 11217000 11217999 50152 1000
S9 2 11218000 11218999 46459 1000
S9 2 11219000 11219999 52943 1000
S9 2 11220000 11220999 51502 1000
S9 2 11221000 11221999 43216 1000
S9 2 11222000 11222999 46630 1000
S9 2 11223000 11223999 43983 1000
S9 2 11224000 11224999 51228 1000
S9 2 11225000 11225999 55494 999
S9 2 11226000 11226999 49569 1000
S9 2 11227000 11227999 55405 1000
S9 2 11228000 11228999 56826 1000
S9 2 11229000 11229999 47592 1000
S9 2 11230000 11230999 49303 1000
S9 2 11231000 11231999 50853 1000
S9 2 11232000 11232999 50672 1000
S9 2 11233000 11233999 52928 1000
S9 2 11234000 11234999 48279 1000
S9 2 11235000 11235999 55581 998
S9 2 11236000 11236999 44200 992
S9 2 11237000 11237999 52543 994
S9 2 11238000 11238999 43270 1000
S9 2 11239000 11239999 44717 1000
S9 2 11240000 11240999 47316 1000
S9 2 11241000 11241999 52164 1000
S9 2 11242000 11242999 46298 1000
S9 2 11243000 11243999 40423 999
S9 2 11244000 11244999 49346 999
S9 2 11245000 11245999 45861 999
S9 2 11246000 11246999 54117 1000
S9 2 11247000 11247999 52791 1000
S9 2 11248000 11248999 51433 1000
S9 2 11249000 11249999 51430 999
S9 2 11250000 11250999 52529 1000
S9 2 11251000 11251999 42084 1000
S9 2 11252000 11252999 50995 1000
S9 2 11253000 11253999 49803 1000
S9 2 11254000 11254999 47931 1000
S9 2 11255000 11255999 36029 998
S9 2 11256000 11256999 51995 1000
S9 2 11257000 11257999 50852 999
S9 2 11258000 11258999 54250 999
S9 2 11259000 11259999 51689 998
S9 2 11260000 11260999 59635 1000
S9 2 11261000 11261999 50773 1000
S9 2 11262000 11262999 42388 998
S9 2 11263000 11263999 47251 1000
S9 2 11264000 11264999 45549 1000
S9 2 11265000 11265999 29263 585
