Indiv CHROM pos1 pos2 sum_depth n_sites
S1 2 23232000 23232999 21962 537
S1 2 23233000 23233999 43471 1000
S1 2 23234000 23234999 42581 1000
S1 2 23235000 23235999 44179 1000
S1 2 23236000 23236999 41139 1000
S1 2 23237000 23237999 46131 1000
S1 2 23238000 23238999 41465 1000
S1 2 23239000 23239999 37102 1000
S1 2 23240000 23240999 40659 1000
S1 2 23241000 23241999 41490 1000
S1 2 23242000 23242999 45826 1000
S1 2 23243000 23243999 39531 1000
S1 2 23244000 23244999 39187 1000
S1 2 23245000 23245999 48581 1000
S1 2 23246000 23246999 39837 999
S1 2 23247000 23247999 40251 1000
S1 2 23248000 23248999 44082 1000
S1 2 23249000 23249999 15344 989
S1 2 23250000 23250999 19867 998
S1 2 23251000 23251999 37573 1000
S1 2 23252000 23252999 42726 1000
S1 2 23253000 23253999 40981 1000
S1 2 23254000 23254999 40568 1000
S1 2 23255000 23255999 39517 1000
S1 2 23256000 23256999 42177 1000
S1 2 23257000 23257999 41532 1000
S1 2 23258000 23258999 37099 1000
S1 2 23259000 23259999 36591 1000
S1 2 23260000 23260999 39623 1000
S1 2 23261000 23261999 46668 1000
S1 2 23262000 23262999 42187 1000
S1 2 23263000 23263999 38944 1000
S1 2 23264000 23264999 42801 1000
S1 2 23265000 23265999 42741 1000
S1 2 23266000 23266999 40529 1000
S1 2 23267000 23267999 39959 1000
S1 2 23268000 23268999 42382 1000
S1 2 23269000 23269999 35374 1000
S1 2 23270000 23270999 37388 998
S1 2 23271000 23271999 29940 1000
S1 2 23272000 23272999 42303 1000
S1 2 23273000 23273999 38908 1000
S1 2 23274000 23274999 43066 1000
S1 2 23275000 23275999 43190 1000
S1 2 23276000 23276999 42446 1000
S1 2 23277000 23277999 45712 1000
S1 2 23278000 23278999 45675 1000
S1 2 23279000 23279999 37591 1000
S1 2 23280000 23280999 34061 1000
S1 2 23281000 23281999 44937 1000
S1 2 23282000 23282999 38172 1000
S1 2 23283000 23283999 42645 997
S1 2 23284000 23284999 38468 1000
S1 2 23285000 23285999 34662 999
S1 2 23286000 23286999 35954 1000
S1 2 23287000 23287999 36458 994
S1 2 23288000 23288999 36312 999
S1 2 23289000 23289999 40816 1000
S1 2 23290000 23290999 40736 1000
S1 2 23291000 23291999 37920 1000
S1 2 23292000 23292999 40724 1000
S1 2 23293000 23293999 40554 1000
S1 2 23294000 23294999 37837 998
S1 2 23295000 23295999 40790 998
S1 2 23296000 23296999 44540 1000
S1 2 23297000 23297999 37431 1000
S1 2 23298000 23298999 41544 997
S1 2 23299000 23299999 39371 1000
S1 2 23300000 23300999 42502 1000
S1 2 23301000 23301999 36868 1000
S1 2 23302000 23302999 37600 1000
S1 2 23303000 23303999 42805 1000
S1 2 23304000 23304999 39235 1000
S1 2 23305000 23305999 42562 1000
S1 2 23306000 23306999 41015 1000
S1 2 23307000 23307999 41693 1000
S1 2 23308000 23308999 44277 1000
S1 2 23309000 23309999 47352 1000
S1 2 23310000 23310999 33643 1000
S1 2 23311000 23311999 43618 1000
S1 2 23312000 23312999 44401 1000
S1 2 23313000 23313999 38014 1000
S1 2 23314000 23314999 41633 1000
S1 2 23315000 23315999 44310 1000
S1 2 23316000 23316999 42260 1000
S1 2 23317000 23317999 37383 1000
S1 2 23318000 23318999 34944 999
S1 2 23319000 23319999 42654 1000
S1 2 23320000 23320999 41663 1000
S1 2 23321000 23321999 41967 1000
S1 2 23322000 23322999 39058 1000
S1 2 23323000 23323999 39638 1000
S1 2 23324000 23324999 41807 1000
S1 2 23325000 23325999 40310 1000
S1 2 23326000 23326999 40205 1000
S1 2 23327000 23327999 41629 1000
S1 2 23328000 23328999 40337 1000
S1 2 23329000 23329999 40230 923
S10 2 23232000 23232999 24441 537
S10 2 23233000 23233999 46876 1000
S10 2 23234000 23234999 44595 1000
S10 2 23235000 23235999 48494 1000
S10 2 23236000 23236999 53468 1000
S10 2 23237000 23237999 44213 1000
S10 2 23238000 23238999 48025 1000
S10 2 23239000 23239999 50218 1000
S10 2 23240000 23240999 43899 1000
S10 2 23241000 23241999 43237 1000
S10 2 23242000 23242999 46114 1000
S10 2 23243000 23243999 46777 1000
S10 2 23244000 23244999 46273 1000
S10 2 23245000 23245999 45271 1000
S10 2 23246000 23246999 47067 999
S10 2 23247000 23247999 45787 1000
S10 2 23248000 23248999 42706 1000
S10 2 23249000 23249999 18553 989
S10 2 23250000 23250999 22317 998
S10 2 23251000 23251999 45007 1000
S10 2 23252000 23252999 49440 1000
S10 2 23253000 23253999 59463 1000
S10 2 23254000 23254999 45892 1000
S10 2 23255000 23255999 44552 1000
S10 2 23256000 23256999 47276 1000
S10 2 23257000 23257999 43901 1000
S10 2 23258000 23258999 47146 1000
S10 2 23259000 23259999 47010 1000
S10 2 23260000 23260999 45664 1000
S10 2 23261000 23261999 49153 1000
S10 2 23262000 23262999 44221 1000
S10 2 23263000 23263999 44310 1000
S10 2 23264000 23264999 43259 1000
S10 2 23265000 23265999 46414 1000
S10 2 23266000 23266999 44930 1000
S10 2 23267000 23267999 40413 1000
S10 2 23268000 23268999 54851 1000
S10 2 23269000 23269999 41212 1000
S10 2 23270000 23270999 43695 998
S10 2 23271000 23271999 40048 1000
S10 2 23272000 23272999 45697 1000
S10 2 23273000 23273999 40538 1000
S10 2 23274000 23274999 44427 1000
S10 2 23275000 23275999 46009 1000
S10 2 23276000 23276999 45309 1000
S10 2 23277000 23277999 48799 1000
S10 2 23278000 23278999 39035 1000
S10 2 23279000 23279999 50314 1000
S10 2 23280000 23280999 47323 1000
S10 2 23281000 23281999 42490 1000
S10 2 23282000 23282999 41838 1000
S10 2 23283000 23283999 44084 997
S10 2 23284000 23284999 39723 1000
S10 2 23285000 23285999 47098 999
S10 2 23286000 23286999 40852 1000
S10 2 23287000 23287999 47064 994
S10 2 23288000 23288999 52052 999
S10 2 23289000 23289999 39501 1000
S10 2 23290000 23290999 46812 1000
S10 2 23291000 23291999 41159 1000
S10 2 23292000 23292999 47514 1000
S10 2 23293000 23293999 47468 1000
S10 2 23294000 23294999 43925 998
S10 2 23295000 23295999 42436 998
S10 2 23296000 23296999 43547 1000
S10 2 23297000 23297999 42288 1000
S10 2 23298000 23298999 48016 997
S10 2 23299000 23299999 44006 1000
S10 2 23300000 23300999 45516 1000
S10 2 23301000 23301999 43338 1000
S10 2 23302000 23302999 47011 1000
S10 2 23303000 23303999 47303 1000
S10 2 23304000 23304999 45491 1000
S10 2 23305000 23305999 43420 1000
S10 2 23306000 23306999 43572 1000
S10 2 23307000 23307999 49484 1000
S10 2 23308000 23308999 41377 1000
S10 2 23309000 23309999 39782 1000
S10 2 23310000 23310999 44520 1000
S10 2 23311000 23311999 48687 1000
S10 2 23312000 23312999 49116 1000
S10 2 23313000 23313999 46722 1000
S10 2 23314000 23314999 44712 1000
S10 2 23315000 23315999 40018 1000
S10 2 23316000 23316999 42401 1000
S10 2 23317000 23317999 43494 1000
S10 2 23318000 23318999 48384 999
S10 2 23319000 23319999 49620 1000
S10 2 23320000 23320999 51126 1000
S10 2 23321000 23321999 43177 1000
S10 2 23322000 23322999 44020 1000
S10 2 23323000 23323999 47193 1000
S10 2 23324000 23324999 48086 1000
S10 2 23325000 23325999 42497 1000
S10 2 23326000 23326999 40398 1000
S10 2 23327000 23327999 41147 1000
S10 2 23328000 23328999 45669 1000
S10 2 23329000 23329999 43337 923
S11 2 23232000 23232999 33854 537
S11 2 23233000 23233999 60907 1000
S11 2 23234000 23234999 51557 1000
S11 2 23235000 23235999 63289 1000
S11 2 23236000 23236999 61341 1000
S11 2 23237000 23237999 57003 1000
S11 2 23238000 23238999 53676 1000
S11 2 23239000 23239999 55529 1000
S11 2 23240000 23240999 51492 1000
S11 2 23241000 23241999 54819 1000
S11 2 23242000 23242999 53060 1000
S11 2 23243000 23243999 58703 1000
S11 2 23244000 23244999 50062 1000
S11 2 23245000 23245999 53627 1000
S11 2 23246000 23246999 51930 999
S11 2 23247000 23247999 55643 1000
S11 2 23248000 23248999 58017 1000
S11 2 23249000 23249999 23857 989
S11 2 23250000 23250999 32192 998
S11 2 23251000 23251999 49979 1000
S11 2 23252000 23252999 56095 1000
S11 2 23253000 23253999 53085 1000
S11 2 23254000 23254999 65520 1000
S11 2 23255000 23255999 56718 1000
S11 2 23256000 23256999 61936 1000
S11 2 23257000 23257999 51218 1000
S11 2 23258000 23258999 55244 1000
S11 2 23259000 23259999 48375 1000
S11 2 23260000 23260999 52744 1000
S11 2 23261000 23261999 60578 1000
S11 2 23262000 23262999 51820 1000
S11 2 23263000 23263999 55275 1000
S11 2 23264000 23264999 60989 1000
S11 2 23265000 23265999 53371 1000
S11 2 23266000 23266999 54741 1000
S11 2 23267000 23267999 57950 1000
S11 2 23268000 23268999 57059 1000
S11 2 23269000 23269999 43930 1000
S11 2 23270000 23270999 53155 998
S11 2 23271000 23271999 40214 1000
S11 2 23272000 23272999 55553 1000
S11 2 23273000 23273999 62639 1000
S11 2 23274000 23274999 60826 1000
S11 2 23275000 23275999 52318 1000
S11 2 23276000 23276999 54415 1000
S11 2 23277000 23277999 55713 1000
S11 2 23278000 23278999 54084 1000
S11 2 23279000 23279999 55215 1000
S11 2 23280000 23280999 56996 1000
S11 2 23281000 23281999 49188 1000
S11 2 23282000 23282999 47105 1000
S11 2 23283000 23283999 52094 997
S11 2 23284000 23284999 46828 1000
S11 2 23285000 23285999 55912 999
S11 2 23286000 23286999 57400 1000
S11 2 23287000 23287999 52840 994
S11 2 23288000 23288999 58791 999
S11 2 23289000 23289999 53239 1000
S11 2 23290000 23290999 53534 1000
S11 2 23291000 23291999 44687 1000
S11 2 23292000 23292999 59425 1000
S11 2 23293000 23293999 56872 1000
S11 2 23294000 23294999 57118 998
S11 2 23295000 23295999 58382 998
S11 2 23296000 23296999 51022 1000
S11 2 23297000 23297999 61580 1000
S11 2 23298000 23298999 55080 997
S11 2 23299000 23299999 50206 1000
S11 2 23300000 23300999 56184 1000
S11 2 23301000 23301999 56857 1000
S11 2 23302000 23302999 60205 1000
S11 2 23303000 23303999 57870 1000
S11 2 23304000 23304999 46740 1000
S11 2 23305000 23305999 57133 1000
S11 2 23306000 23306999 53955 1000
S11 2 23307000 23307999 58186 1000
S11 2 23308000 23308999 53203 1000
S11 2 23309000 23309999 53527 1000
S11 2 23310000 23310999 61678 1000
S11 2 23311000 23311999 54467 1000
S11 2 23312000 23312999 57002 1000
S11 2 23313000 23313999 61296 1000
S11 2 23314000 23314999 61110 1000
S11 2 23315000 23315999 57442 1000
S11 2 23316000 23316999 60435 1000
S11 2 23317000 23317999 50108 1000
S11 2 23318000 23318999 63476 999
S11 2 23319000 23319999 52269 1000
S11 2 23320000 23320999 63914 1000
S11 2 23321000 23321999 59673 1000
S11 2 23322000 23322999 59669 1000
S11 2 23323000 23323999 60615 1000
S11 2 23324000 23324999 52024 1000
S11 2 23325000 23325999 58330 1000
S11 2 23326000 23326999 53507 1000
S11 2 23327000 23327999 55501 1000
S11 2 23328000 23328999 57504 1000
S11 2 23329000 23329999 50515 923
S12 2 23232000 23232999 21813 537
S12 2 23233000 23233999 46418 1000
S12 2 23234000 23234999 46708 1000
S12 2 23235000 23235999 46261 1000
S12 2 23236000 23236999 47321 1000
S12 2 23237000 23237999 44880 1000
S12 2 23238000 23238999 46161 1000
S12 2 23239000 23239999 42761 1000
S12 2 23240000 23240999 41915 1000
S12 2 23241000 23241999 43036 1000
S12 2 23242000 23242999 38633 1000
S12 2 23243000 23243999 42752 1000
S12 2 23244000 23244999 41751 1000
S12 2 23245000 23245999 45308 1000
S12 2 23246000 23246999 47676 999
S12 2 23247000 23247999 40074 1000
S12 2 23248000 23248999 42155 1000
S12 2 23249000 23249999 20190 989
S12 2 23250000 23250999 19222 998
S12 2 23251000 23251999 42083 1000
S12 2 23252000 23252999 46076 1000
S12 2 23253000 23253999 39479 1000
S12 2 23254000 23254999 42106 1000
S12 2 23255000 23255999 41917 1000
S12 2 23256000 23256999 51069 1000
S12 2 23257000 23257999 45820 1000
S12 2 23258000 23258999 45606 1000
S12 2 23259000 23259999 45915 1000
S12 2 23260000 23260999 43295 1000
S12 2 23261000 23261999 49060 1000
S12 2 23262000 23262999 50122 1000
S12 2 23263000 23263999 49210 1000
S12 2 23264000 23264999 50068 1000
S12 2 23265000 23265999 43409 1000
S12 2 23266000 23266999 46122 1000
S12 2 23267000 23267999 39632 1000
S12 2 23268000 23268999 44904 1000
S12 2 23269000 23269999 35175 1000
S12 2 23270000 23270999 43267 998
S12 2 23271000 23271999 39291 1000
S12 2 23272000 23272999 42651 1000
S12 2 23273000 23273999 45379 1000
S12 2 23274000 23274999 46670 1000
S12 2 23275000 23275999 45135 1000
S12 2 23276000 23276999 44725 1000
S12 2 23277000 23277999 39853 1000
S12 2 23278000 23278999 43341 1000
S12 2 23279000 23279999 43167 1000
S12 2 23280000 23280999 44435 1000
S12 2 23281000 23281999 45879 1000
S12 2 23282000 23282999 42698 1000
S12 2 23283000 23283999 40513 997
S12 2 23284000 23284999 43316 1000
S12 2 23285000 23285999 39939 999
S12 2 23286000 23286999 41865 1000
S12 2 23287000 23287999 40399 994
S12 2 23288000 23288999 43636 999
S12 2 23289000 23289999 44802 1000
S12 2 23290000 23290999 41833 1000
S12 2 23291000 23291999 40017 1000
S12 2 23292000 23292999 43587 1000
S12 2 23293000 23293999 43766 1000
S12 2 23294000 23294999 46649 998
S12 2 23295000 23295999 46787 998
S12 2 23296000 23296999 41058 1000
S12 2 23297000 23297999 43907 1000
S12 2 23298000 23298999 46879 997
S12 2 23299000 23299999 43107 1000
S12 2 23300000 23300999 43730 1000
S12 2 23301000 23301999 42582 1000
S12 2 23302000 23302999 47904 1000
S12 2 23303000 23303999 50854 1000
S12 2 23304000 23304999 49090 1000
S12 2 23305000 23305999 41153 1000
S12 2 23306000 23306999 42872 1000
S12 2 23307000 23307999 44347 1000
S12 2 23308000 23308999 46987 1000
S12 2 23309000 23309999 47689 1000
S12 2 23310000 23310999 42757 1000
S12 2 23311000 23311999 46087 1000
S12 2 23312000 23312999 49641 1000
S12 2 23313000 23313999 47937 1000
S12 2 23314000 23314999 45515 1000
S12 2 23315000 23315999 44694 1000
S12 2 23316000 23316999 44295 1000
S12 2 23317000 23317999 42644 1000
S12 2 23318000 23318999 43825 999
S12 2 23319000 23319999 43981 1000
S12 2 23320000 23320999 51646 1000
S12 2 23321000 23321999 47469 1000
S12 2 23322000 23322999 46169 1000
S12 2 23323000 23323999 49551 1000
S12 2 23324000 23324999 48431 1000
S12 2 23325000 23325999 47695 1000
S12 2 23326000 23326999 45326 1000
S12 2 23327000 23327999 51004 1000
S12 2 23328000 23328999 47396 1000
S12 2 23329000 23329999 45735 923
S13 2 23232000 23232999 22778 537
S13 2 23233000 23233999 36486 1000
S13 2 23234000 23234999 36110 1000
S13 2 23235000 23235999 38105 1000
S13 2 23236000 23236999 40264 1000
S13 2 23237000 23237999 37743 1000
S13 2 23238000 23238999 37088 1000
S13 2 23239000 23239999 35836 1000
S13 2 23240000 23240999 35753 1000
S13 2 23241000 23241999 32172 1000
S13 2 23242000 23242999 39174 1000
S13 2 23243000 23243999 38505 1000
S13 2 23244000 23244999 39896 1000
S13 2 23245000 23245999 38940 1000
S13 2 23246000 23246999 37631 999
S13 2 23247000 23247999 33030 1000
S13 2 23248000 23248999 33387 1000
S13 2 23249000 23249999 15202 989
S13 2 23250000 23250999 17744 998
S13 2 23251000 23251999 38189 1000
S13 2 23252000 23252999 39919 1000
S13 2 23253000 23253999 34160 1000
S13 2 23254000 23254999 32272 1000
S13 2 23255000 23255999 39278 1000
S13 2 23256000 23256999 39385 1000
S13 2 23257000 23257999 39120 1000
S13 2 23258000 23258999 42405 1000
S13 2 23259000 23259999 35437 1000
S13 2 23260000 23260999 37497 1000
S13 2 23261000 23261999 37570 1000
S13 2 23262000 23262999 41208 1000
S13 2 23263000 23263999 38357 1000
S13 2 23264000 23264999 40779 1000
S13 2 23265000 23265999 36160 1000
S13 2 23266000 23266999 38550 1000
S13 2 23267000 23267999 36137 1000
S13 2 23268000 23268999 37429 1000
S13 2 23269000 23269999 34058 1000
S13 2 23270000 23270999 33503 998
S13 2 23271000 23271999 29913 1000
S13 2 23272000 23272999 39262 1000
S13 2 23273000 23273999 34897 1000
S13 2 23274000 23274999 30651 1000
S13 2 23275000 23275999 38433 1000
S13 2 23276000 23276999 35138 1000
S13 2 23277000 23277999 44188 1000
S13 2 23278000 23278999 35122 1000
S13 2 23279000 23279999 38175 1000
S13 2 23280000 23280999 38999 1000
S13 2 23281000 23281999 36996 1000
S13 2 23282000 23282999 37824 1000
S13 2 23283000 23283999 36470 997
S13 2 23284000 23284999 24885 1000
S13 2 23285000 23285999 27905 999
S13 2 23286000 23286999 30566 1000
S13 2 23287000 23287999 35506 994
S13 2 23288000 23288999 34937 999
S13 2 23289000 23289999 35861 1000
S13 2 23290000 23290999 34779 1000
S13 2 23291000 23291999 40259 1000
S13 2 23292000 23292999 38663 1000
S13 2 23293000 23293999 36842 1000
S13 2 23294000 23294999 36887 998
S13 2 23295000 23295999 34398 998
S13 2 23296000 23296999 32917 1000
S13 2 23297000 23297999 36474 1000
S13 2 23298000 23298999 38009 997
S13 2 23299000 23299999 34593 1000
S13 2 23300000 23300999 30300 1000
S13 2 23301000 23301999 31641 1000
S13 2 23302000 23302999 37926 1000
S13 2 23303000 23303999 35982 1000
S13 2 23304000 23304999 33840 1000
S13 2 23305000 23305999 29745 1000
S13 2 23306000 23306999 33959 1000
S13 2 23307000 23307999 37657 1000
S13 2 23308000 23308999 40960 1000
S13 2 23309000 23309999 40134 1000
S13 2 23310000 23310999 34481 1000
S13 2 23311000 23311999 35409 1000
S13 2 23312000 23312999 35474 1000
S13 2 23313000 23313999 35220 1000
S13 2 23314000 23314999 36241 1000
S13 2 23315000 23315999 37515 1000
S13 2 23316000 23316999 38511 1000
S13 2 23317000 23317999 31706 1000
S13 2 23318000 23318999 38729 999
S13 2 23319000 23319999 42432 1000
S13 2 23320000 23320999 37564 1000
S13 2 23321000 23321999 33457 1000
S13 2 23322000 23322999 37232 1000
S13 2 23323000 23323999 34908 1000
S13 2 23324000 23324999 34371 1000
S13 2 23325000 23325999 35800 1000
S13 2 23326000 23326999 40926 1000
S13 2 23327000 23327999 39199 1000
S13 2 23328000 23328999 40543 1000
S13 2 23329000 23329999 36762 923
S14 2 23232000 23232999 24495 537
S14 2 23233000 23233999 53184 1000
S14 2 23234000 23234999 43926 1000
S14 2 23235000 23235999 47449 1000
S14 2 23236000 23236999 52016 1000
S14 2 23237000 23237999 58238 1000
S14 2 23238000 23238999 53720 1000
S14 2 23239000 23239999 48304 1000
S14 2 23240000 23240999 48898 1000
S14 2 23241000 23241999 43719 1000
S14 2 23242000 23242999 46811 1000
S14 2 23243000 23243999 48572 1000
S14 2 23244000 23244999 52282 1000
S14 2 23245000 23245999 57885 1000
S14 2 23246000 23246999 48078 999
S14 2 23247000 23247999 47518 1000
S14 2 23248000 23248999 44341 1000
S14 2 23249000 23249999 17400 989
S14 2 23250000 23250999 23706 998
S14 2 23251000 23251999 48788 1000
S14 2 23252000 23252999 50696 1000
S14 2 23253000 23253999 49836 1000
S14 2 23254000 23254999 51001 1000
S14 2 23255000 23255999 42407 1000
S14 2 23256000 23256999 45256 1000
S14 2 23257000 23257999 48490 1000
S14 2 23258000 23258999 51063 1000
S14 2 23259000 23259999 48717 1000
S14 2 23260000 23260999 46488 1000
S14 2 23261000 23261999 48991 1000
S14 2 23262000 23262999 47733 1000
S14 2 23263000 23263999 52436 1000
S14 2 23264000 23264999 45155 1000
S14 2 23265000 23265999 46849 1000
S14 2 23266000 23266999 43332 1000
S14 2 23267000 23267999 49397 1000
S14 2 23268000 23268999 49887 1000
S14 2 23269000 23269999 43448 1000
S14 2 23270000 23270999 46557 998
S14 2 23271000 23271999 34782 1000
S14 2 23272000 23272999 44705 1000
S14 2 23273000 23273999 40048 1000
S14 2 23274000 23274999 45300 1000
S14 2 23275000 23275999 46570 1000
S14 2 23276000 23276999 53194 1000
S14 2 23277000 23277999 53970 1000
S14 2 23278000 23278999 49359 1000
S14 2 23279000 23279999 49716 1000
S14 2 23280000 23280999 52263 1000
S14 2 23281000 23281999 48575 1000
S14 2 23282000 23282999 49161 1000
S14 2 23283000 23283999 44336 997
S14 2 23284000 23284999 50711 1000
S14 2 23285000 23285999 52240 999
S14 2 23286000 23286999 39616 1000
S14 2 23287000 23287999 48282 994
S14 2 23288000 23288999 48920 999
S14 2 23289000 23289999 46742 1000
S14 2 23290000 23290999 47988 1000
S14 2 23291000 23291999 49894 1000
S14 2 23292000 23292999 50077 1000
S14 2 23293000 23293999 48865 1000
S14 2 23294000 23294999 54068 998
S14 2 23295000 23295999 46461 998
S14 2 23296000 23296999 46806 1000
S14 2 23297000 23297999 48736 1000
S14 2 23298000 23298999 46079 997
S14 2 23299000 23299999 43211 1000
S14 2 23300000 23300999 36255 1000
S14 2 23301000 23301999 40640 1000
S14 2 23302000 23302999 47970 1000
S14 2 23303000 23303999 48049 1000
S14 2 23304000 23304999 51097 1000
S14 2 23305000 23305999 46981 1000
S14 2 23306000 23306999 47073 1000
S14 2 23307000 23307999 48686 1000
S14 2 23308000 23308999 51401 1000
S14 2 23309000 23309999 52959 1000
S14 2 23310000 23310999 50250 1000
S14 2 23311000 23311999 44164 1000
S14 2 23312000 23312999 48473 1000
S14 2 23313000 23313999 48018 1000
S14 2 23314000 23314999 46923 1000
S14 2 23315000 23315999 54616 1000
S14 2 23316000 23316999 51487 1000
S14 2 23317000 23317999 47485 1000
S14 2 23318000 23318999 52550 999
S14 2 23319000 23319999 54310 1000
S14 2 23320000 23320999 53133 1000
S14 2 23321000 23321999 49586 1000
S14 2 23322000 23322999 52550 1000
S14 2 23323000 23323999 43716 1000
S14 2 23324000 23324999 48454 1000
S14 2 23325000 23325999 51758 1000
S14 2 23326000 23326999 50494 1000
S14 2 23327000 23327999 44990 1000
S14 2 23328000 23328999 51521 1000
S14 2 23329000 23329999 51697 923
S15 2 23232000 23232999 26056 537
S15 2 23233000 23233999 47289 1000
S15 2 23234000 23234999 43676 1000
S15 2 23235000 23235999 51929 1000
S15 2 23236000 23236999 47829 1000
S15 2 23237000 23237999 54201 1000
S15 2 23238000 23238999 49336 1000
S15 2 23239000 23239999 43644 1000
S15 2 23240000 23240999 44017 1000
S15 2 23241000 23241999 39733 1000
S15 2 23242000 23242999 46248 1000
S15 2 23243000 23243999 40924 1000
S15 2 23244000 23244999 40538 1000
S15 2 23245000 23245999 46366 1000
S15 2 23246000 23246999 43287 999
S15 2 23247000 23247999 41362 1000
S15 2 23248000 23248999 37894 1000
S15 2 23249000 23249999 18885 989
S15 2 23250000 23250999 21706 998
S15 2 23251000 23251999 42254 1000
S15 2 23252000 23252999 45287 1000
S15 2 23253000 23253999 53836 1000
S15 2 23254000 23254999 46922 1000
S15 2 23255000 23255999 40437 1000
S15 2 23256000 23256999 47156 1000
S15 2 23257000 23257999 39634 1000
S15 2 23258000 23258999 41998 1000
S15 2 23259000 23259999 40803 1000
S15 2 23260000 23260999 43834 1000
S15 2 23261000 23261999 45385 1000
S15 2 23262000 23262999 45829 1000
S15 2 23263000 23263999 44121 1000
S15 2 23264000 23264999 40426 1000
S15 2 23265000 23265999 39827 1000
S15 2 23266000 23266999 40854 1000
S15 2 23267000 23267999 43008 1000
S15 2 23268000 23268999 46641 1000
S15 2 23269000 23269999 40103 1000
S15 2 23270000 23270999 44618 998
S15 2 23271000 23271999 35510 1000
S15 2 23272000 23272999 42304 1000
S15 2 23273000 23273999 41673 1000
S15 2 23274000 23274999 43267 1000
S15 2 23275000 23275999 43318 1000
S15 2 23276000 23276999 41979 1000
S15 2 23277000 23277999 41469 1000
S15 2 23278000 23278999 41057 1000
S15 2 23279000 23279999 40873 1000
S15 2 23280000 23280999 42904 1000
S15 2 23281000 23281999 39860 1000
S15 2 23282000 23282999 42469 1000
S15 2 23283000 23283999 42802 997
S15 2 23284000 23284999 50578 1000
S15 2 23285000 23285999 48789 999
S15 2 23286000 23286999 44602 1000
S15 2 23287000 23287999 42982 994
S15 2 23288000 23288999 46305 999
S15 2 23289000 23289999 42827 1000
S15 2 23290000 23290999 42030 1000
S15 2 23291000 23291999 38902 1000
S15 2 23292000 23292999 43329 1000
S15 2 23293000 23293999 48201 1000
S15 2 23294000 23294999 43128 998
S15 2 23295000 23295999 44001 998
S15 2 23296000 23296999 42178 1000
S15 2 23297000 23297999 47774 1000
S15 2 23298000 23298999 45485 997
S15 2 23299000 23299999 40779 1000
S15 2 23300000 23300999 40563 1000
S15 2 23301000 23301999 49501 1000
S15 2 23302000 23302999 45158 1000
S15 2 23303000 23303999 50024 1000
S15 2 23304000 23304999 42546 1000
S15 2 23305000 23305999 43449 1000
S15 2 23306000 23306999 47279 1000
S15 2 23307000 23307999 42916 1000
S15 2 23308000 23308999 45622 1000
S15 2 23309000 23309999 50104 1000
S15 2 23310000 23310999 45824 1000
S15 2 23311000 23311999 41810 1000
S15 2 23312000 23312999 42853 1000
S15 2 23313000 23313999 43320 1000
S15 2 23314000 23314999 43889 1000
S15 2 23315000 23315999 45768 1000
S15 2 23316000 23316999 48733 1000
S15 2 23317000 23317999 48444 1000
S15 2 23318000 23318999 43083 999
S15 2 23319000 23319999 43059 1000
S15 2 23320000 23320999 47109 1000
S15 2 23321000 23321999 44372 1000
S15 2 23322000 23322999 39062 1000
S15 2 23323000 23323999 43490 1000
S15 2 23324000 23324999 39849 1000
S15 2 23325000 23325999 40011 1000
S15 2 23326000 23326999 47644 1000
S15 2 23327000 23327999 52086 1000
S15 2 23328000 23328999 42810 1000
S15 2 23329000 23329999 37579 923
S16 2 23232000 23232999 23169 537
S16 2 23233000 23233999 41162 1000
S16 2 23234000 23234999 34604 1000
S16 2 23235000 23235999 40561 1000
S16 2 23236000 23236999 43609 1000
S16 2 23237000 23237999 35086 1000
S16 2 23238000 23238999 39359 1000
S16 2 23239000 23239999 35814 1000
S16 2 23240000 23240999 36963 1000
S16 2 23241000 23241999 36492 1000
S16 2 23242000 23242999 38930 1000
S16 2 23243000 23243999 34846 1000
S16 2 23244000 23244999 33936 1000
S16 2 23245000 23245999 34649 1000
S16 2 23246000 23246999 36438 999
S16 2 23247000 23247999 40623 1000
S16 2 23248000 23248999 37087 1000
S16 2 23249000 23249999 15321 989
S16 2 23250000 23250999 17301 998
S16 2 23251000 23251999 32520 1000
S16 2 23252000 23252999 39697 1000
S16 2 23253000 23253999 34225 1000
S16 2 23254000 23254999 36399 1000
S16 2 23255000 23255999 38617 1000
S16 2 23256000 23256999 33521 1000
S16 2 23257000 23257999 33194 1000
S16 2 23258000 23258999 35949 1000
S16 2 23259000 23259999 37940 1000
S16 2 23260000 23260999 35728 1000
S16 2 23261000 23261999 35770 1000
S16 2 23262000 23262999 36584 1000
S16 2 23263000 23263999 36487 1000
S16 2 23264000 23264999 38955 1000
S16 2 23265000 23265999 36751 1000
S16 2 23266000 23266999 34408 1000
S16 2 23267000 23267999 33426 1000
S16 2 23268000 23268999 34450 1000
S16 2 23269000 23269999 27317 1000
S16 2 23270000 23270999 34748 998
S16 2 23271000 23271999 28686 1000
S16 2 23272000 23272999 36026 1000
S16 2 23273000 23273999 31047 1000
S16 2 23274000 23274999 37290 1000
S16 2 23275000 23275999 36407 1000
S16 2 23276000 23276999 38047 1000
S16 2 23277000 23277999 36667 1000
S16 2 23278000 23278999 38568 1000
S16 2 23279000 23279999 36927 1000
S16 2 23280000 23280999 30445 1000
S16 2 23281000 23281999 36610 1000
S16 2 23282000 23282999 35094 1000
S16 2 23283000 23283999 33614 997
S16 2 23284000 23284999 35625 1000
S16 2 23285000 23285999 39681 999
S16 2 23286000 23286999 37547 1000
S16 2 23287000 23287999 34660 994
S16 2 23288000 23288999 38717 999
S16 2 23289000 23289999 39278 1000
S16 2 23290000 23290999 31493 1000
S16 2 23291000 23291999 33379 1000
S16 2 23292000 23292999 32190 1000
S16 2 23293000 23293999 38613 1000
S16 2 23294000 23294999 36605 998
S16 2 23295000 23295999 34280 998
S16 2 23296000 23296999 35588 1000
S16 2 23297000 23297999 38397 1000
S16 2 23298000 23298999 39435 997
S16 2 23299000 23299999 37082 1000
S16 2 23300000 23300999 38014 1000
S16 2 23301000 23301999 36541 1000
S16 2 23302000 23302999 38539 1000
S16 2 23303000 23303999 35516 1000
S16 2 23304000 23304999 37443 1000
S16 2 23305000 23305999 33863 1000
S16 2 23306000 23306999 38628 1000
S16 2 23307000 23307999 33939 1000
S16 2 23308000 23308999 34134 1000
S16 2 23309000 23309999 40382 1000
S16 2 23310000 23310999 35422 1000
S16 2 23311000 23311999 35858 1000
S16 2 23312000 23312999 31818 1000
S16 2 23313000 23313999 34743 1000
S16 2 23314000 23314999 35813 1000
S16 2 23315000 23315999 35990 1000
S16 2 23316000 23316999 36033 1000
S16 2 23317000 23317999 36075 1000
S16 2 23318000 23318999 36933 999
S16 2 23319000 23319999 34234 1000
S16 2 23320000 23320999 34668 1000
S16 2 23321000 23321999 37334 1000
S16 2 23322000 23322999 33204 1000
S16 2 23323000 23323999 33820 1000
S16 2 23324000 23324999 34908 1000
S16 2 23325000 23325999 35643 1000
S16 2 23326000 23326999 35032 1000
S16 2 23327000 23327999 40268 1000
S16 2 23328000 23328999 38625 1000
S16 2 23329000 23329999 36919 923
S17 2 23232000 23232999 20708 537
S17 2 23233000 23233999 42240 1000
S17 2 23234000 23234999 37349 1000
S17 2 23235000 23235999 43186 1000
S17 2 23236000 23236999 44348 1000
S17 2 23237000 23237999 49899 1000
S17 2 23238000 23238999 45498 1000
S17 2 23239000 23239999 43895 1000
S17 2 23240000 23240999 39811 1000
S17 2 23241000 23241999 39512 1000
S17 2 23242000 23242999 39890 1000
S17 2 23243000 23243999 39034 1000
S17 2 23244000 23244999 40501 1000
S17 2 23245000 23245999 44108 1000
S17 2 23246000 23246999 48381 999
S17 2 23247000 23247999 44596 1000
S17 2 23248000 23248999 44087 1000
S17 2 23249000 23249999 16399 989
S17 2 23250000 23250999 21412 998
S17 2 23251000 23251999 40058 1000
S17 2 23252000 23252999 41394 1000
S17 2 23253000 23253999 41371 1000
S17 2 23254000 23254999 39288 1000
S17 2 23255000 23255999 31658 1000
S17 2 23256000 23256999 39823 1000
S17 2 23257000 23257999 37623 1000
S17 2 23258000 23258999 39681 1000
S17 2 23259000 23259999 41215 1000
S17 2 23260000 23260999 40935 1000
S17 2 23261000 23261999 42212 1000
S17 2 23262000 23262999 43622 1000
S17 2 23263000 23263999 44045 1000
S17 2 23264000 23264999 47123 1000
S17 2 23265000 23265999 44325 1000
S17 2 23266000 23266999 49937 1000
S17 2 23267000 23267999 38655 1000
S17 2 23268000 23268999 40337 1000
S17 2 23269000 23269999 39239 1000
S17 2 23270000 23270999 33735 998
S17 2 23271000 23271999 28416 1000
S17 2 23272000 23272999 41033 1000
S17 2 23273000 23273999 46643 1000
S17 2 23274000 23274999 41228 1000
S17 2 23275000 23275999 40203 1000
S17 2 23276000 23276999 42680 1000
S17 2 23277000 23277999 40466 1000
S17 2 23278000 23278999 35551 1000
S17 2 23279000 23279999 36213 1000
S17 2 23280000 23280999 41281 1000
S17 2 23281000 23281999 37794 1000
S17 2 23282000 23282999 40455 1000
S17 2 23283000 23283999 41595 997
S17 2 23284000 23284999 38269 1000
S17 2 23285000 23285999 46556 999
S17 2 23286000 23286999 46197 1000
S17 2 23287000 23287999 45239 994
S17 2 23288000 23288999 42536 999
S17 2 23289000 23289999 42700 1000
S17 2 23290000 23290999 45947 1000
S17 2 23291000 23291999 40713 1000
S17 2 23292000 23292999 46826 1000
S17 2 23293000 23293999 41991 1000
S17 2 23294000 23294999 42814 998
S17 2 23295000 23295999 49159 998
S17 2 23296000 23296999 38316 1000
S17 2 23297000 23297999 40371 1000
S17 2 23298000 23298999 43213 997
S17 2 23299000 23299999 40307 1000
S17 2 23300000 23300999 41144 1000
S17 2 23301000 23301999 35186 1000
S17 2 23302000 23302999 40292 1000
S17 2 23303000 23303999 39249 1000
S17 2 23304000 23304999 40305 1000
S17 2 23305000 23305999 36394 1000
S17 2 23306000 23306999 34337 1000
S17 2 23307000 23307999 37755 1000
S17 2 23308000 23308999 40074 1000
S17 2 23309000 23309999 40534 1000
S17 2 23310000 23310999 37392 1000
S17 2 23311000 23311999 43447 1000
S17 2 23312000 23312999 45572 1000
S17 2 23313000 23313999 43566 1000
S17 2 23314000 23314999 41047 1000
S17 2 23315000 23315999 42686 1000
S17 2 23316000 23316999 47799 1000
S17 2 23317000 23317999 43351 1000
S17 2 23318000 23318999 40780 999
S17 2 23319000 23319999 40375 1000
S17 2 23320000 23320999 35800 1000
S17 2 23321000 23321999 38219 1000
S17 2 23322000 23322999 35520 1000
S17 2 23323000 23323999 37632 1000
S17 2 23324000 23324999 31902 1000
S17 2 23325000 23325999 33968 1000
S17 2 23326000 23326999 39871 1000
S17 2 23327000 23327999 38053 1000
S17 2 23328000 23328999 38165 1000
S17 2 23329000 23329999 33778 923
S18 2 23232000 23232999 17970 537
S18 2 23233000 23233999 36871 1000
S18 2 23234000 23234999 35525 1000
S18 2 23235000 23235999 32284 1000
S18 2 23236000 23236999 34695 1000
S18 2 23237000 23237999 37612 1000
S18 2 23238000 23238999 38384 1000
S18 2 23239000 23239999 33564 1000
S18 2 23240000 23240999 36848 1000
S18 2 23241000 23241999 30914 1000
S18 2 23242000 23242999 29034 1000
S18 2 23243000 23243999 29883 1000
S18 2 23244000 23244999 33379 1000
S18 2 23245000 23245999 42529 1000
S18 2 23246000 23246999 39500 999
S18 2 23247000 23247999 34550 1000
S18 2 23248000 23248999 33602 1000
S18 2 23249000 23249999 12919 989
S18 2 23250000 23250999 14787 998
S18 2 23251000 23251999 26015 1000
S18 2 23252000 23252999 33675 1000
S18 2 23253000 23253999 34446 1000
S18 2 23254000 23254999 29868 1000
S18 2 23255000 23255999 23380 1000
S18 2 23256000 23256999 31922 1000
S18 2 23257000 23257999 26157 1000
S18 2 23258000 23258999 27697 1000
S18 2 23259000 23259999 25235 1000
S18 2 23260000 23260999 25528 1000
S18 2 23261000 23261999 36622 1000
S18 2 23262000 23262999 37185 1000
S18 2 23263000 23263999 35500 1000
S18 2 23264000 23264999 34405 1000
S18 2 23265000 23265999 37798 1000
S18 2 23266000 23266999 35597 1000
S18 2 23267000 23267999 31337 1000
S18 2 23268000 23268999 33903 1000
S18 2 23269000 23269999 29805 1000
S18 2 23270000 23270999 28535 998
S18 2 23271000 23271999 18352 1000
S18 2 23272000 23272999 28644 1000
S18 2 23273000 23273999 34456 1000
S18 2 23274000 23274999 36838 1000
S18 2 23275000 23275999 38081 1000
S18 2 23276000 23276999 28601 1000
S18 2 23277000 23277999 32221 1000
S18 2 23278000 23278999 31030 1000
S18 2 23279000 23279999 32201 1000
S18 2 23280000 23280999 28872 1000
S18 2 23281000 23281999 28739 1000
S18 2 23282000 23282999 36925 1000
S18 2 23283000 23283999 36412 997
S18 2 23284000 23284999 33607 1000
S18 2 23285000 23285999 29864 999
S18 2 23286000 23286999 32917 1000
S18 2 23287000 23287999 37506 994
S18 2 23288000 23288999 34861 999
S18 2 23289000 23289999 41386 1000
S18 2 23290000 23290999 34122 1000
S18 2 23291000 23291999 31657 1000
S18 2 23292000 23292999 37804 1000
S18 2 23293000 23293999 35703 1000
S18 2 23294000 23294999 30661 998
S18 2 23295000 23295999 41099 998
S18 2 23296000 23296999 35140 1000
S18 2 23297000 23297999 35400 1000
S18 2 23298000 23298999 33644 997
S18 2 23299000 23299999 28718 1000
S18 2 23300000 23300999 29259 1000
S18 2 23301000 23301999 30908 1000
S18 2 23302000 23302999 34484 1000
S18 2 23303000 23303999 33282 1000
S18 2 23304000 23304999 27465 1000
S18 2 23305000 23305999 21024 1000
S18 2 23306000 23306999 22132 1000
S18 2 23307000 23307999 32463 1000
S18 2 23308000 23308999 31137 1000
S18 2 23309000 23309999 33257 1000
S18 2 23310000 23310999 32911 1000
S18 2 23311000 23311999 35581 1000
S18 2 23312000 23312999 35655 1000
S18 2 23313000 23313999 37952 1000
S18 2 23314000 23314999 35092 1000
S18 2 23315000 23315999 40359 1000
S18 2 23316000 23316999 35731 1000
S18 2 23317000 23317999 32450 1000
S18 2 23318000 23318999 36308 999
S18 2 23319000 23319999 32637 1000
S18 2 23320000 23320999 29153 1000
S18 2 23321000 23321999 22075 1000
S18 2 23322000 23322999 29087 1000
S18 2 23323000 23323999 26961 1000
S18 2 23324000 23324999 32891 1000
S18 2 23325000 23325999 30393 1000
S18 2 23326000 23326999 31278 1000
S18 2 23327000 23327999 29372 1000
S18 2 23328000 23328999 28901 1000
S18 2 23329000 23329999 31926 923
S19 2 23232000 23232999 23867 537
S19 2 23233000 23233999 49644 1000
S19 2 23234000 23234999 45213 1000
S19 2 23235000 23235999 48997 1000
S19 2 23236000 23236999 48659 1000
S19 2 23237000 23237999 52529 1000
S19 2 23238000 23238999 44814 1000
S19 2 23239000 23239999 47884 1000
S19 2 23240000 23240999 47691 1000
S19 2 23241000 23241999 44360 1000
S19 2 23242000 23242999 50288 1000
S19 2 23243000 23243999 48213 1000
S19 2 23244000 23244999 43221 1000
S19 2 23245000 23245999 47609 1000
S19 2 23246000 23246999 53265 999
S19 2 23247000 23247999 46256 1000
S19 2 23248000 23248999 49603 1000
S19 2 23249000 23249999 22237 989
S19 2 23250000 23250999 21232 998
S19 2 23251000 23251999 46022 1000
S19 2 23252000 23252999 49640 1000
S19 2 23253000 23253999 48838 1000
S19 2 23254000 23254999 43424 1000
S19 2 23255000 23255999 48571 1000
S19 2 23256000 23256999 42026 1000
S19 2 23257000 23257999 44138 1000
S19 2 23258000 23258999 47155 1000
S19 2 23259000 23259999 46164 1000
S19 2 23260000 23260999 51768 1000
S19 2 23261000 23261999 51603 1000
S19 2 23262000 23262999 45184 1000
S19 2 23263000 23263999 54425 1000
S19 2 23264000 23264999 47072 1000
S19 2 23265000 23265999 48548 1000
S19 2 23266000 23266999 54071 1000
S19 2 23267000 23267999 58157 1000
S19 2 23268000 23268999 52768 1000
S19 2 23269000 23269999 39862 1000
S19 2 23270000 23270999 47225 998
S19 2 23271000 23271999 37505 1000
S19 2 23272000 23272999 50691 1000
S19 2 23273000 23273999 49005 1000
S19 2 23274000 23274999 51679 1000
S19 2 23275000 23275999 46072 1000
S19 2 23276000 23276999 44776 1000
S19 2 23277000 23277999 48701 1000
S19 2 23278000 23278999 42795 1000
S19 2 23279000 23279999 47141 1000
S19 2 23280000 23280999 47406 1000
S19 2 23281000 23281999 41982 1000
S19 2 23282000 23282999 44867 1000
S19 2 23283000 23283999 42013 997
S19 2 23284000 23284999 48346 1000
S19 2 23285000 23285999 45015 999
S19 2 23286000 23286999 50270 1000
S19 2 23287000 23287999 47861 994
S19 2 23288000 23288999 45300 999
S19 2 23289000 23289999 41653 1000
S19 2 23290000 23290999 44223 1000
S19 2 23291000 23291999 45427 1000
S19 2 23292000 23292999 46030 1000
S19 2 23293000 23293999 48665 1000
S19 2 23294000 23294999 47908 998
S19 2 23295000 23295999 45964 998
S19 2 23296000 23296999 45175 1000
S19 2 23297000 23297999 46205 1000
S19 2 23298000 23298999 50221 997
S19 2 23299000 23299999 49677 1000
S19 2 23300000 23300999 45962 1000
S19 2 23301000 23301999 45216 1000
S19 2 23302000 23302999 51119 1000
S19 2 23303000 23303999 47312 1000
S19 2 23304000 23304999 42176 1000
S19 2 23305000 23305999 39543 1000
S19 2 23306000 23306999 41250 1000
S19 2 23307000 23307999 43676 1000
S19 2 23308000 23308999 44023 1000
S19 2 23309000 23309999 47585 1000
S19 2 23310000 23310999 48907 1000
S19 2 23311000 23311999 47225 1000
S19 2 23312000 23312999 54300 1000
S19 2 23313000 23313999 43402 1000
S19 2 23314000 23314999 53655 1000
S19 2 23315000 23315999 45773 1000
S19 2 23316000 23316999 49309 1000
S19 2 23317000 23317999 41797 1000
S19 2 23318000 23318999 49184 999
S19 2 23319000 23319999 47597 1000
S19 2 23320000 23320999 40308 1000
S19 2 23321000 23321999 45693 1000
S19 2 23322000 23322999 45507 1000
S19 2 23323000 23323999 46971 1000
S19 2 23324000 23324999 47378 1000
S19 2 23325000 23325999 46669 1000
S19 2 23326000 23326999 43049 1000
S19 2 23327000 23327999 45596 1000
S19 2 23328000 23328999 53157 1000
S19 2 23329000 23329999 47372 923
S2 2 23232000 23232999 23174 537
S2 2 23233000 23233999 47147 1000
S2 2 23234000 23234999 47084 1000
S2 2 23235000 23235999 46367 1000
S2 2 23236000 23236999 44941 1000
S2 2 23237000 23237999 45642 1000
S2 2 23238000 23238999 45033 1000
S2 2 23239000 23239999 36553 1000
S2 2 23240000 23240999 41103 1000
S2 2 23241000 23241999 46496 1000
S2 2 23242000 23242999 48491 1000
S2 2 23243000 23243999 42637 1000
S2 2 23244000 23244999 41193 1000
S2 2 23245000 23245999 43537 1000
S2 2 23246000 23246999 44652 999
S2 2 23247000 23247999 42850 1000
S2 2 23248000 23248999 45805 1000
S2 2 23249000 23249999 18848 989
S2 2 23250000 23250999 22028 998
S2 2 23251000 23251999 41823 1000
S2 2 23252000 23252999 43204 1000
S2 2 23253000 23253999 40215 1000
S2 2 23254000 23254999 36898 1000
S2 2 23255000 23255999 48636 1000
S2 2 23256000 23256999 38404 1000
S2 2 23257000 23257999 40062 1000
S2 2 23258000 23258999 40257 1000
S2 2 23259000 23259999 39934 1000
S2 2 23260000 23260999 43099 1000
S2 2 23261000 23261999 48716 1000
S2 2 23262000 23262999 48137 1000
S2 2 23263000 23263999 43347 1000
S2 2 23264000 23264999 44404 1000
S2 2 23265000 23265999 41709 1000
S2 2 23266000 23266999 41043 1000
S2 2 23267000 23267999 41118 1000
S2 2 23268000 23268999 40735 1000
S2 2 23269000 23269999 41222 1000
S2 2 23270000 23270999 42142 998
S2 2 23271000 23271999 41955 1000
S2 2 23272000 23272999 41142 1000
S2 2 23273000 23273999 39907 1000
S2 2 23274000 23274999 40039 1000
S2 2 23275000 23275999 42797 1000
S2 2 23276000 23276999 40579 1000
S2 2 23277000 23277999 42024 1000
S2 2 23278000 23278999 39133 1000
S2 2 23279000 23279999 41885 1000
S2 2 23280000 23280999 42019 1000
S2 2 23281000 23281999 39460 1000
S2 2 23282000 23282999 39902 1000
S2 2 23283000 23283999 41377 997
S2 2 23284000 23284999 35158 1000
S2 2 23285000 23285999 39414 999
S2 2 23286000 23286999 38475 1000
S2 2 23287000 23287999 40992 994
S2 2 23288000 23288999 37015 999
S2 2 23289000 23289999 41056 1000
S2 2 23290000 23290999 43684 1000
S2 2 23291000 23291999 38531 1000
S2 2 23292000 23292999 43460 1000
S2 2 23293000 23293999 43137 1000
S2 2 23294000 23294999 43053 998
S2 2 23295000 23295999 42408 998
S2 2 23296000 23296999 43593 1000
S2 2 23297000 23297999 43627 1000
S2 2 23298000 23298999 40776 997
S2 2 23299000 23299999 41340 1000
S2 2 23300000 23300999 39205 1000
S2 2 23301000 23301999 40769 1000
S2 2 23302000 23302999 43647 1000
S2 2 23303000 23303999 45613 1000
S2 2 23304000 23304999 43858 1000
S2 2 23305000 23305999 48808 1000
S2 2 23306000 23306999 41625 1000
S2 2 23307000 23307999 43031 1000
S2 2 23308000 23308999 43492 1000
S2 2 23309000 23309999 42913 1000
S2 2 23310000 23310999 40847 1000
S2 2 23311000 23311999 41921 1000
S2 2 23312000 23312999 39978 1000
S2 2 23313000 23313999 40786 1000
S2 2 23314000 23314999 43834 1000
S2 2 23315000 23315999 46578 1000
S2 2 23316000 23316999 41156 1000
S2 2 23317000 23317999 43807 1000
S2 2 23318000 23318999 44581 999
S2 2 23319000 23319999 39410 1000
S2 2 23320000 23320999 41771 1000
S2 2 23321000 23321999 40778 1000
S2 2 23322000 23322999 36075 1000
S2 2 23323000 23323999 47387 1000
S2 2 23324000 23324999 42536 1000
S2 2 23325000 23325999 41155 1000
S2 2 23326000 23326999 45439 1000
S2 2 23327000 23327999 44689 1000
S2 2 23328000 23328999 41779 1000
S2 2 23329000 23329999 37046 923
S20 2 23232000 23232999 28591 537
S20 2 23233000 23233999 45216 1000
S20 2 23234000 23234999 48885 1000
S20 2 23235000 23235999 46227 1000
S20 2 23236000 23236999 47235 1000
S20 2 23237000 23237999 54136 1000
S20 2 23238000 23238999 52265 1000
S20 2 23239000 23239999 45999 1000
S20 2 23240000 23240999 50495 1000
S20 2 23241000 23241999 46249 1000
S20 2 23242000 23242999 45240 1000
S20 2 23243000 23243999 43990 1000
S20 2 23244000 23244999 50128 1000
S20 2 23245000 23245999 53222 1000
S20 2 23246000 23246999 52313 999
S20 2 23247000 23247999 47445 1000
S20 2 23248000 23248999 51045 1000
S20 2 23249000 23249999 18095 989
S20 2 23250000 23250999 26441 998
S20 2 23251000 23251999 42744 1000
S20 2 23252000 23252999 53903 1000
S20 2 23253000 23253999 46747 1000
S20 2 23254000 23254999 48483 1000
S20 2 23255000 23255999 45521 1000
S20 2 23256000 23256999 47709 1000
S20 2 23257000 23257999 42424 1000
S20 2 23258000 23258999 54170 1000
S20 2 23259000 23259999 46842 1000
S20 2 23260000 23260999 51048 1000
S20 2 23261000 23261999 56552 1000
S20 2 23262000 23262999 46120 1000
S20 2 23263000 23263999 50778 1000
S20 2 23264000 23264999 54145 1000
S20 2 23265000 23265999 43342 1000
S20 2 23266000 23266999 48444 1000
S20 2 23267000 23267999 35485 1000
S20 2 23268000 23268999 47058 1000
S20 2 23269000 23269999 43722 1000
S20 2 23270000 23270999 49859 998
S20 2 23271000 23271999 41684 1000
S20 2 23272000 23272999 48001 1000
S20 2 23273000 23273999 41400 1000
S20 2 23274000 23274999 40988 1000
S20 2 23275000 23275999 47866 1000
S20 2 23276000 23276999 53245 1000
S20 2 23277000 23277999 47554 1000
S20 2 23278000 23278999 38239 1000
S20 2 23279000 23279999 44872 1000
S20 2 23280000 23280999 47702 1000
S20 2 23281000 23281999 45416 1000
S20 2 23282000 23282999 44953 1000
S20 2 23283000 23283999 40691 997
S20 2 23284000 23284999 47702 1000
S20 2 23285000 23285999 49683 999
S20 2 23286000 23286999 47155 1000
S20 2 23287000 23287999 50023 994
S20 2 23288000 23288999 53560 999
S20 2 23289000 23289999 52806 1000
S20 2 23290000 23290999 47225 1000
S20 2 23291000 23291999 41276 1000
S20 2 23292000 23292999 53082 1000
S20 2 23293000 23293999 50407 1000
S20 2 23294000 23294999 46897 998
S20 2 23295000 23295999 50621 998
S20 2 23296000 23296999 50619 1000
S20 2 23297000 23297999 47356 1000
S20 2 23298000 23298999 52599 997
S20 2 23299000 23299999 46349 1000
S20 2 23300000 23300999 47724 1000
S20 2 23301000 23301999 47884 1000
S20 2 23302000 23302999 45596 1000
S20 2 23303000 23303999 43367 1000
S20 2 23304000 23304999 43466 1000
S20 2 23305000 23305999 47962 1000
S20 2 23306000 23306999 45022 1000
S20 2 23307000 23307999 47313 1000
S20 2 23308000 23308999 48548 1000
S20 2 23309000 23309999 52388 1000
S20 2 23310000 23310999 43041 1000
S20 2 23311000 23311999 49609 1000
S20 2 23312000 23312999 48920 1000
S20 2 23313000 23313999 48566 1000
S20 2 23314000 23314999 49886 1000
S20 2 23315000 23315999 54131 1000
S20 2 23316000 23316999 48666 1000
S20 2 23317000 23317999 40943 1000
S20 2 23318000 23318999 50801 999
S20 2 23319000 23319999 48955 1000
S20 2 23320000 23320999 44764 1000
S20 2 23321000 23321999 44995 1000
S20 2 23322000 23322999 48553 1000
S20 2 23323000 23323999 46049 1000
S20 2 23324000 23324999 37787 1000
S20 2 23325000 23325999 45524 1000
S20 2 23326000 23326999 54737 1000
S20 2 23327000 23327999 46600 1000
S20 2 23328000 23328999 44839 1000
S20 2 23329000 23329999 52089 923
S21 2 23232000 23232999 25209 537
S21 2 23233000 23233999 53295 1000
S21 2 23234000 23234999 45924 1000
S21 2 23235000 23235999 60164 1000
S21 2 23236000 23236999 55439 1000
S21 2 23237000 23237999 55581 1000
S21 2 23238000 23238999 55321 1000
S21 2 23239000 23239999 52943 1000
S21 2 23240000 23240999 49199 1000
S21 2 23241000 23241999 44823 1000
S21 2 23242000 23242999 44538 1000
S21 2 23243000 23243999 45704 1000
S21 2 23244000 23244999 46949 1000
S21 2 23245000 23245999 51468 1000
S21 2 23246000 23246999 58579 999
S21 2 23247000 23247999 54346 1000
S21 2 23248000 23248999 59688 1000
S21 2 23249000 23249999 24040 989
S21 2 23250000 23250999 25441 998
S21 2 23251000 23251999 51742 1000
S21 2 23252000 23252999 51220 1000
S21 2 23253000 23253999 44235 1000
S21 2 23254000 23254999 46487 1000
S21 2 23255000 23255999 45561 1000
S21 2 23256000 23256999 43562 1000
S21 2 23257000 23257999 52704 1000
S21 2 23258000 23258999 53595 1000
S21 2 23259000 23259999 52704 1000
S21 2 23260000 23260999 50604 1000
S21 2 23261000 23261999 50634 1000
S21 2 23262000 23262999 56686 1000
S21 2 23263000 23263999 50038 1000
S21 2 23264000 23264999 57870 1000
S21 2 23265000 23265999 54285 1000
S21 2 23266000 23266999 54342 1000
S21 2 23267000 23267999 47893 1000
S21 2 23268000 23268999 49945 1000
S21 2 23269000 23269999 44076 1000
S21 2 23270000 23270999 48322 998
S21 2 23271000 23271999 40016 1000
S21 2 23272000 23272999 49938 1000
S21 2 23273000 23273999 61786 1000
S21 2 23274000 23274999 63192 1000
S21 2 23275000 23275999 57758 1000
S21 2 23276000 23276999 57500 1000
S21 2 23277000 23277999 44737 1000
S21 2 23278000 23278999 47712 1000
S21 2 23279000 23279999 52993 1000
S21 2 23280000 23280999 49808 1000
S21 2 23281000 23281999 45688 1000
S21 2 23282000 23282999 47724 1000
S21 2 23283000 23283999 43645 997
S21 2 23284000 23284999 48014 1000
S21 2 23285000 23285999 51312 999
S21 2 23286000 23286999 47948 1000
S21 2 23287000 23287999 53636 994
S21 2 23288000 23288999 48417 999
S21 2 23289000 23289999 54723 1000
S21 2 23290000 23290999 55912 1000
S21 2 23291000 23291999 48445 1000
S21 2 23292000 23292999 60698 1000
S21 2 23293000 23293999 57687 1000
S21 2 23294000 23294999 54127 998
S21 2 23295000 23295999 52714 998
S21 2 23296000 23296999 47937 1000
S21 2 23297000 23297999 60131 1000
S21 2 23298000 23298999 47806 997
S21 2 23299000 23299999 45681 1000
S21 2 23300000 23300999 45550 1000
S21 2 23301000 23301999 43265 1000
S21 2 23302000 23302999 55300 1000
S21 2 23303000 23303999 45905 1000
S21 2 23304000 23304999 46993 1000
S21 2 23305000 23305999 38728 1000
S21 2 23306000 23306999 41706 1000
S21 2 23307000 23307999 47717 1000
S21 2 23308000 23308999 50360 1000
S21 2 23309000 23309999 46748 1000
S21 2 23310000 23310999 53220 1000
S21 2 23311000 23311999 54345 1000
S21 2 23312000 23312999 57053 1000
S21 2 23313000 23313999 50038 1000
S21 2 23314000 23314999 51338 1000
S21 2 23315000 23315999 51916 1000
S21 2 23316000 23316999 55714 1000
S21 2 23317000 23317999 49281 1000
S21 2 23318000 23318999 45492 999
S21 2 23319000 23319999 54736 1000
S21 2 23320000 23320999 40652 1000
S21 2 23321000 23321999 41504 1000
S21 2 23322000 23322999 43065 1000
S21 2 23323000 23323999 43253 1000
S21 2 23324000 23324999 34362 1000
S21 2 23325000 23325999 42197 1000
S21 2 23326000 23326999 46636 1000
S21 2 23327000 23327999 48671 1000
S21 2 23328000 23328999 49571 1000
S21 2 23329000 23329999 40881 923
S22 2 23232000 23232999 14836 537
S22 2 23233000 23233999 31720 1000
S22 2 23234000 23234999 28402 1000
S22 2 23235000 23235999 33020 1000
S22 2 23236000 23236999 35633 1000
S22 2 23237000 23237999 29580 1000
S22 2 23238000 23238999 35040 1000
S22 2 23239000 23239999 37706 1000
S22 2 23240000 23240999 28506 1000
S22 2 23241000 23241999 28060 1000
S22 2 23242000 23242999 23776 1000
S22 2 23243000 23243999 28652 1000
S22 2 23244000 23244999 25372 1000
S22 2 23245000 23245999 32636 1000
S22 2 23246000 23246999 31518 999
S22 2 23247000 23247999 24579 1000
S22 2 23248000 23248999 30354 1000
S22 2 23249000 23249999 13696 989
S22 2 23250000 23250999 15892 998
S22 2 23251000 23251999 28339 1000
S22 2 23252000 23252999 24060 1000
S22 2 23253000 23253999 27096 1000
S22 2 23254000 23254999 28920 1000
S22 2 23255000 23255999 37940 1000
S22 2 23256000 23256999 29591 1000
S22 2 23257000 23257999 26848 1000
S22 2 23258000 23258999 27626 1000
S22 2 23259000 23259999 33017 1000
S22 2 23260000 23260999 28468 1000
S22 2 23261000 23261999 34597 1000
S22 2 23262000 23262999 32949 1000
S22 2 23263000 23263999 36940 1000
S22 2 23264000 23264999 35667 1000
S22 2 23265000 23265999 26997 1000
S22 2 23266000 23266999 31333 1000
S22 2 23267000 23267999 22372 1000
S22 2 23268000 23268999 28213 1000
S22 2 23269000 23269999 23482 1000
S22 2 23270000 23270999 20807 998
S22 2 23271000 23271999 21109 1000
S22 2 23272000 23272999 31961 1000
S22 2 23273000 23273999 27790 1000
S22 2 23274000 23274999 36009 1000
S22 2 23275000 23275999 30475 1000
S22 2 23276000 23276999 30386 1000
S22 2 23277000 23277999 31778 1000
S22 2 23278000 23278999 24532 1000
S22 2 23279000 23279999 27049 1000
S22 2 23280000 23280999 21762 1000
S22 2 23281000 23281999 25050 1000
S22 2 23282000 23282999 33637 1000
S22 2 23283000 23283999 21008 997
S22 2 23284000 23284999 18405 1000
S22 2 23285000 23285999 25459 999
S22 2 23286000 23286999 28101 1000
S22 2 23287000 23287999 31222 994
S22 2 23288000 23288999 38980 999
S22 2 23289000 23289999 32113 1000
S22 2 23290000 23290999 30195 1000
S22 2 23291000 23291999 27732 1000
S22 2 23292000 23292999 30797 1000
S22 2 23293000 23293999 31838 1000
S22 2 23294000 23294999 34386 998
S22 2 23295000 23295999 22482 998
S22 2 23296000 23296999 33637 1000
S22 2 23297000 23297999 26178 1000
S22 2 23298000 23298999 31206 997
S22 2 23299000 23299999 30285 1000
S22 2 23300000 23300999 20416 1000
S22 2 23301000 23301999 27846 1000
S22 2 23302000 23302999 30433 1000
S22 2 23303000 23303999 22048 1000
S22 2 23304000 23304999 19234 1000
S22 2 23305000 23305999 16509 1000
S22 2 23306000 23306999 28596 1000
S22 2 23307000 23307999 31991 1000
S22 2 23308000 23308999 30221 1000
S22 2 23309000 23309999 25045 1000
S22 2 23310000 23310999 33199 1000
S22 2 23311000 23311999 40082 1000
S22 2 23312000 23312999 34752 1000
S22 2 23313000 23313999 27891 1000
S22 2 23314000 23314999 24166 1000
S22 2 23315000 23315999 37393 1000
S22 2 23316000 23316999 27349 1000
S22 2 23317000 23317999 28438 1000
S22 2 23318000 23318999 25918 999
S22 2 23319000 23319999 31779 1000
S22 2 23320000 23320999 29175 1000
S22 2 23321000 23321999 24813 1000
S22 2 23322000 23322999 19267 1000
S22 2 23323000 23323999 18057 1000
S22 2 23324000 23324999 22204 1000
S22 2 23325000 23325999 30583 1000
S22 2 23326000 23326999 20659 1000
S22 2 23327000 23327999 25485 1000
S22 2 23328000 23328999 33994 1000
S22 2 23329000 23329999 31902 923
S3 2 23232000 23232999 26909 537
S3 2 23233000 23233999 46749 1000
S3 2 23234000 23234999 46653 1000
S3 2 23235000 23235999 46702 1000
S3 2 23236000 23236999 48636 1000
S3 2 23237000 23237999 57178 1000
S3 2 23238000 23238999 55117 1000
S3 2 23239000 23239999 57458 1000
S3 2 23240000 23240999 54140 1000
S3 2 23241000 23241999 44660 1000
S3 2 23242000 23242999 45899 1000
S3 2 23243000 23243999 52238 1000
S3 2 23244000 23244999 50758 1000
S3 2 23245000 23245999 50188 1000
S3 2 23246000 23246999 55318 999
S3 2 23247000 23247999 46721 1000
S3 2 23248000 23248999 49726 1000
S3 2 23249000 23249999 18912 989
S3 2 23250000 23250999 25589 998
S3 2 23251000 23251999 46731 1000
S3 2 23252000 23252999 53903 1000
S3 2 23253000 23253999 48115 1000
S3 2 23254000 23254999 48000 1000
S3 2 23255000 23255999 42288 1000
S3 2 23256000 23256999 41476 1000
S3 2 23257000 23257999 46416 1000
S3 2 23258000 23258999 50407 1000
S3 2 23259000 23259999 44047 1000
S3 2 23260000 23260999 47625 1000
S3 2 23261000 23261999 52526 1000
S3 2 23262000 23262999 48363 1000
S3 2 23263000 23263999 48179 1000
S3 2 23264000 23264999 50962 1000
S3 2 23265000 23265999 46842 1000
S3 2 23266000 23266999 56347 1000
S3 2 23267000 23267999 49674 1000
S3 2 23268000 23268999 49514 1000
S3 2 23269000 23269999 43159 1000
S3 2 23270000 23270999 53059 998
S3 2 23271000 23271999 41707 1000
S3 2 23272000 23272999 52538 1000
S3 2 23273000 23273999 57426 1000
S3 2 23274000 23274999 52786 1000
S3 2 23275000 23275999 53513 1000
S3 2 23276000 23276999 55266 1000
S3 2 23277000 23277999 47759 1000
S3 2 23278000 23278999 41533 1000
S3 2 23279000 23279999 47370 1000
S3 2 23280000 23280999 51013 1000
S3 2 23281000 23281999 42625 1000
S3 2 23282000 23282999 50433 1000
S3 2 23283000 23283999 52977 997
S3 2 23284000 23284999 51016 1000
S3 2 23285000 23285999 52519 999
S3 2 23286000 23286999 50132 1000
S3 2 23287000 23287999 57006 994
S3 2 23288000 23288999 55202 999
S3 2 23289000 23289999 55920 1000
S3 2 23290000 23290999 52641 1000
S3 2 23291000 23291999 54417 1000
S3 2 23292000 23292999 60024 1000
S3 2 23293000 23293999 55001 1000
S3 2 23294000 23294999 52317 998
S3 2 23295000 23295999 52684 998
S3 2 23296000 23296999 50096 1000
S3 2 23297000 23297999 51974 1000
S3 2 23298000 23298999 53213 997
S3 2 23299000 23299999 38494 1000
S3 2 23300000 23300999 48064 1000
S3 2 23301000 23301999 47218 1000
S3 2 23302000 23302999 49239 1000
S3 2 23303000 23303999 45656 1000
S3 2 23304000 23304999 42475 1000
S3 2 23305000 23305999 39887 1000
S3 2 23306000 23306999 43485 1000
S3 2 23307000 23307999 43001 1000
S3 2 23308000 23308999 46136 1000
S3 2 23309000 23309999 48732 1000
S3 2 23310000 23310999 46097 1000
S3 2 23311000 23311999 52877 1000
S3 2 23312000 23312999 51391 1000
S3 2 23313000 23313999 54408 1000
S3 2 23314000 23314999 58402 1000
S3 2 23315000 23315999 60848 1000
S3 2 23316000 23316999 50649 1000
S3 2 23317000 23317999 49542 1000
S3 2 23318000 23318999 47522 999
S3 2 23319000 23319999 49060 1000
S3 2 23320000 23320999 44362 1000
S3 2 23321000 23321999 45137 1000
S3 2 23322000 23322999 44567 1000
S3 2 23323000 23323999 39448 1000
S3 2 23324000 23324999 41952 1000
S3 2 23325000 23325999 40037 1000
S3 2 23326000 23326999 49078 1000
S3 2 23327000 23327999 43961 1000
S3 2 23328000 23328999 41695 1000
S3 2 23329000 23329999 43854 923
S4 2 23232000 23232999 26186 537
S4 2 23233000 23233999 46290 1000
S4 2 23234000 23234999 41327 1000
S4 2 23235000 23235999 42425 1000
S4 2 23236000 23236999 43772 1000
S4 2 23237000 23237999 46158 1000
S4 2 23238000 23238999 42958 1000
S4 2 23239000 23239999 40293 1000
S4 2 23240000 23240999 45708 1000
S4 2 23241000 23241999 45644 1000
S4 2 23242000 23242999 41016 1000
S4 2 23243000 23243999 48873 1000
S4 2 23244000 23244999 44518 1000
S4 2 23245000 23245999 44964 1000
S4 2 23246000 23246999 40979 999
S4 2 23247000 23247999 47012 1000
S4 2 23248000 23248999 39458 1000
S4 2 23249000 23249999 14884 989
S4 2 23250000 23250999 22156 998
S4 2 23251000 23251999 42321 1000
S4 2 23252000 23252999 42086 1000
S4 2 23253000 23253999 40094 1000
S4 2 23254000 23254999 32891 1000
S4 2 23255000 23255999 40964 1000
S4 2 23256000 23256999 45855 1000
S4 2 23257000 23257999 52406 1000
S4 2 23258000 23258999 39019 1000
S4 2 23259000 23259999 40933 1000
S4 2 23260000 23260999 41471 1000
S4 2 23261000 23261999 45665 1000
S4 2 23262000 23262999 42973 1000
S4 2 23263000 23263999 43288 1000
S4 2 23264000 23264999 40867 1000
S4 2 23265000 23265999 37494 1000
S4 2 23266000 23266999 36147 1000
S4 2 23267000 23267999 39405 1000
S4 2 23268000 23268999 47250 1000
S4 2 23269000 23269999 39579 1000
S4 2 23270000 23270999 39702 998
S4 2 23271000 23271999 37545 1000
S4 2 23272000 23272999 45127 1000
S4 2 23273000 23273999 39412 1000
S4 2 23274000 23274999 41183 1000
S4 2 23275000 23275999 44340 1000
S4 2 23276000 23276999 44052 1000
S4 2 23277000 23277999 43918 1000
S4 2 23278000 23278999 39481 1000
S4 2 23279000 23279999 40963 1000
S4 2 23280000 23280999 37437 1000
S4 2 23281000 23281999 42433 1000
S4 2 23282000 23282999 40793 1000
S4 2 23283000 23283999 39515 997
S4 2 23284000 23284999 32584 1000
S4 2 23285000 23285999 34561 999
S4 2 23286000 23286999 35492 1000
S4 2 23287000 23287999 39558 994
S4 2 23288000 23288999 47760 999
S4 2 23289000 23289999 42025 1000
S4 2 23290000 23290999 37080 1000
S4 2 23291000 23291999 37854 1000
S4 2 23292000 23292999 44116 1000
S4 2 23293000 23293999 39740 1000
S4 2 23294000 23294999 46448 998
S4 2 23295000 23295999 39726 998
S4 2 23296000 23296999 46909 1000
S4 2 23297000 23297999 46420 1000
S4 2 23298000 23298999 52319 997
S4 2 23299000 23299999 42738 1000
S4 2 23300000 23300999 44499 1000
S4 2 23301000 23301999 42489 1000
S4 2 23302000 23302999 49141 1000
S4 2 23303000 23303999 42131 1000
S4 2 23304000 23304999 41033 1000
S4 2 23305000 23305999 36514 1000
S4 2 23306000 23306999 39810 1000
S4 2 23307000 23307999 39686 1000
S4 2 23308000 23308999 44581 1000
S4 2 23309000 23309999 41943 1000
S4 2 23310000 23310999 45434 1000
S4 2 23311000 23311999 46577 1000
S4 2 23312000 23312999 49272 1000
S4 2 23313000 23313999 39680 1000
S4 2 23314000 23314999 41189 1000
S4 2 23315000 23315999 42330 1000
S4 2 23316000 23316999 39403 1000
S4 2 23317000 23317999 43551 1000
S4 2 23318000 23318999 45880 999
S4 2 23319000 23319999 45987 1000
S4 2 23320000 23320999 42793 1000
S4 2 23321000 23321999 41226 1000
S4 2 23322000 23322999 44049 1000
S4 2 23323000 23323999 41606 1000
S4 2 23324000 23324999 42736 1000
S4 2 23325000 23325999 46525 1000
S4 2 23326000 23326999 42244 1000
S4 2 23327000 23327999 39831 1000
S4 2 23328000 23328999 48731 1000
S4 2 23329000 23329999 42044 923
S5 2 23232000 23232999 22677 537
S5 2 23233000 23233999 49052 1000
S5 2 23234000 23234999 45719 1000
S5 2 23235000 23235999 40534 1000
S5 2 23236000 23236999 41962 1000
S5 2 23237000 23237999 46980 1000
S5 2 23238000 23238999 45490 1000
S5 2 23239000 23239999 42931 1000
S5 2 23240000 23240999 44206 1000
S5 2 23241000 23241999 43745 1000
S5 2 23242000 23242999 45268 1000
S5 2 23243000 23243999 50782 1000
S5 2 23244000 23244999 46064 1000
S5 2 23245000 23245999 37340 1000
S5 2 23246000 23246999 47110 999
S5 2 23247000 23247999 44368 1000
S5 2 23248000 23248999 47359 1000
S5 2 23249000 23249999 18255 989
S5 2 23250000 23250999 20966 998
S5 2 23251000 23251999 37516 1000
S5 2 23252000 23252999 45414 1000
S5 2 23253000 23253999 45456 1000
S5 2 23254000 23254999 44512 1000
S5 2 23255000 23255999 41266 1000
S5 2 23256000 23256999 45397 1000
S5 2 23257000 23257999 45214 1000
S5 2 23258000 23258999 42342 1000
S5 2 23259000 23259999 44453 1000
S5 2 23260000 23260999 44834 1000
S5 2 23261000 23261999 44641 1000
S5 2 23262000 23262999 40193 1000
S5 2 23263000 23263999 42154 1000
S5 2 23264000 23264999 39997 1000
S5 2 23265000 23265999 39800 1000
S5 2 23266000 23266999 40018 1000
S5 2 23267000 23267999 44164 1000
S5 2 23268000 23268999 43451 1000
S5 2 23269000 23269999 41875 1000
S5 2 23270000 23270999 45156 998
S5 2 23271000 23271999 36911 1000
S5 2 23272000 23272999 40469 1000
S5 2 23273000 23273999 38290 1000
S5 2 23274000 23274999 41620 1000
S5 2 23275000 23275999 44941 1000
S5 2 23276000 23276999 38536 1000
S5 2 23277000 23277999 37063 1000
S5 2 23278000 23278999 37991 1000
S5 2 23279000 23279999 43190 1000
S5 2 23280000 23280999 42295 1000
S5 2 23281000 23281999 48127 1000
S5 2 23282000 23282999 40231 1000
S5 2 23283000 23283999 39514 997
S5 2 23284000 23284999 33193 1000
S5 2 23285000 23285999 39772 999
S5 2 23286000 23286999 32795 1000
S5 2 23287000 23287999 40644 994
S5 2 23288000 23288999 41623 999
S5 2 23289000 23289999 46331 1000
S5 2 23290000 23290999 41696 1000
S5 2 23291000 23291999 37420 1000
S5 2 23292000 23292999 39979 1000
S5 2 23293000 23293999 44632 1000
S5 2 23294000 23294999 40691 998
S5 2 23295000 23295999 41050 998
S5 2 23296000 23296999 36199 1000
S5 2 23297000 23297999 41768 1000
S5 2 23298000 23298999 43850 997
S5 2 23299000 23299999 40445 1000
S5 2 23300000 23300999 43250 1000
S5 2 23301000 23301999 35466 1000
S5 2 23302000 23302999 43050 1000
S5 2 23303000 23303999 48350 1000
S5 2 23304000 23304999 42208 1000
S5 2 23305000 23305999 42395 1000
S5 2 23306000 23306999 36609 1000
S5 2 23307000 23307999 43385 1000
S5 2 23308000 23308999 42911 1000
S5 2 23309000 23309999 41438 1000
S5 2 23310000 23310999 48675 1000
S5 2 23311000 23311999 42576 1000
S5 2 23312000 23312999 42638 1000
S5 2 23313000 23313999 39573 1000
S5 2 23314000 23314999 40085 1000
S5 2 23315000 23315999 41547 1000
S5 2 23316000 23316999 45888 1000
S5 2 23317000 23317999 46426 1000
S5 2 23318000 23318999 43059 999
S5 2 23319000 23319999 41040 1000
S5 2 23320000 23320999 46151 1000
S5 2 23321000 23321999 44869 1000
S5 2 23322000 23322999 43896 1000
S5 2 23323000 23323999 40978 1000
S5 2 23324000 23324999 43793 1000
S5 2 23325000 23325999 46201 1000
S5 2 23326000 23326999 42775 1000
S5 2 23327000 23327999 42345 1000
S5 2 23328000 23328999 44741 1000
S5 2 23329000 23329999 39251 923
S6 2 23232000 23232999 27850 537
S6 2 23233000 23233999 41849 1000
S6 2 23234000 23234999 43742 1000
S6 2 23235000 23235999 47758 1000
S6 2 23236000 23236999 49332 1000
S6 2 23237000 23237999 50689 1000
S6 2 23238000 23238999 47279 1000
S6 2 23239000 23239999 43448 1000
S6 2 23240000 23240999 44387 1000
S6 2 23241000 23241999 43382 1000
S6 2 23242000 23242999 43837 1000
S6 2 23243000 23243999 45387 1000
S6 2 23244000 23244999 39711 1000
S6 2 23245000 23245999 47061 1000
S6 2 23246000 23246999 48647 999
S6 2 23247000 23247999 44301 1000
S6 2 23248000 23248999 40439 1000
S6 2 23249000 23249999 17483 989
S6 2 23250000 23250999 19827 998
S6 2 23251000 23251999 46794 1000
S6 2 23252000 23252999 45885 1000
S6 2 23253000 23253999 41653 1000
S6 2 23254000 23254999 51658 1000
S6 2 23255000 23255999 39700 1000
S6 2 23256000 23256999 45748 1000
S6 2 23257000 23257999 41755 1000
S6 2 23258000 23258999 42231 1000
S6 2 23259000 23259999 47848 1000
S6 2 23260000 23260999 47284 1000
S6 2 23261000 23261999 50364 1000
S6 2 23262000 23262999 44882 1000
S6 2 23263000 23263999 45385 1000
S6 2 23264000 23264999 43707 1000
S6 2 23265000 23265999 43022 1000
S6 2 23266000 23266999 43501 1000
S6 2 23267000 23267999 44995 1000
S6 2 23268000 23268999 41804 1000
S6 2 23269000 23269999 38214 1000
S6 2 23270000 23270999 42688 998
S6 2 23271000 23271999 36675 1000
S6 2 23272000 23272999 48679 1000
S6 2 23273000 23273999 44819 1000
S6 2 23274000 23274999 50293 1000
S6 2 23275000 23275999 51475 1000
S6 2 23276000 23276999 48299 1000
S6 2 23277000 23277999 48664 1000
S6 2 23278000 23278999 47225 1000
S6 2 23279000 23279999 44775 1000
S6 2 23280000 23280999 43869 1000
S6 2 23281000 23281999 43864 1000
S6 2 23282000 23282999 43325 1000
S6 2 23283000 23283999 42072 997
S6 2 23284000 23284999 44031 1000
S6 2 23285000 23285999 45815 999
S6 2 23286000 23286999 38564 1000
S6 2 23287000 23287999 43635 994
S6 2 23288000 23288999 50590 999
S6 2 23289000 23289999 49453 1000
S6 2 23290000 23290999 43240 1000
S6 2 23291000 23291999 40015 1000
S6 2 23292000 23292999 42641 1000
S6 2 23293000 23293999 44289 1000
S6 2 23294000 23294999 54489 998
S6 2 23295000 23295999 48831 998
S6 2 23296000 23296999 42477 1000
S6 2 23297000 23297999 40359 1000
S6 2 23298000 23298999 49126 997
S6 2 23299000 23299999 40540 1000
S6 2 23300000 23300999 44432 1000
S6 2 23301000 23301999 41904 1000
S6 2 23302000 23302999 50435 1000
S6 2 23303000 23303999 38801 1000
S6 2 23304000 23304999 38129 1000
S6 2 23305000 23305999 41349 1000
S6 2 23306000 23306999 43524 1000
S6 2 23307000 23307999 40980 1000
S6 2 23308000 23308999 48550 1000
S6 2 23309000 23309999 48671 1000
S6 2 23310000 23310999 42344 1000
S6 2 23311000 23311999 47365 1000
S6 2 23312000 23312999 47913 1000
S6 2 23313000 23313999 42962 1000
S6 2 23314000 23314999 46837 1000
S6 2 23315000 23315999 41865 1000
S6 2 23316000 23316999 45476 1000
S6 2 23317000 23317999 42601 1000
S6 2 23318000 23318999 43341 999
S6 2 23319000 23319999 43001 1000
S6 2 23320000 23320999 41966 1000
S6 2 23321000 23321999 38572 1000
S6 2 23322000 23322999 47499 1000
S6 2 23323000 23323999 45611 1000
S6 2 23324000 23324999 33250 1000
S6 2 23325000 23325999 45331 1000
S6 2 23326000 23326999 46866 1000
S6 2 23327000 23327999 45291 1000
S6 2 23328000 23328999 47128 1000
S6 2 23329000 23329999 43835 923
S7 2 23232000 23232999 16768 537
S7 2 23233000 23233999 34311 1000
S7 2 23234000 23234999 33377 1000
S7 2 23235000 23235999 36176 1000
S7 2 23236000 23236999 33128 1000
S7 2 23237000 23237999 32079 1000
S7 2 23238000 23238999 32663 1000
S7 2 23239000 23239999 35498 1000
S7 2 23240000 23240999 33351 1000
S7 2 23241000 23241999 33058 1000
S7 2 23242000 23242999 34923 1000
S7 2 23243000 23243999 35203 1000
S7 2 23244000 23244999 29693 1000
S7 2 23245000 23245999 33722 1000
S7 2 23246000 23246999 27402 999
S7 2 23247000 23247999 31496 1000
S7 2 23248000 23248999 33015 1000
S7 2 23249000 23249999 12162 989
S7 2 23250000 23250999 14807 998
S7 2 23251000 23251999 33671 1000
S7 2 23252000 23252999 33826 1000
S7 2 23253000 23253999 34088 1000
S7 2 23254000 23254999 27688 1000
S7 2 23255000 23255999 30304 1000
S7 2 23256000 23256999 35256 1000
S7 2 23257000 23257999 33023 1000
S7 2 23258000 23258999 31562 1000
S7 2 23259000 23259999 32012 1000
S7 2 23260000 23260999 35098 1000
S7 2 23261000 23261999 32552 1000
S7 2 23262000 23262999 33483 1000
S7 2 23263000 23263999 31644 1000
S7 2 23264000 23264999 34226 1000
S7 2 23265000 23265999 26559 1000
S7 2 23266000 23266999 31545 1000
S7 2 23267000 23267999 29994 1000
S7 2 23268000 23268999 34807 1000
S7 2 23269000 23269999 26598 1000
S7 2 23270000 23270999 30789 998
S7 2 23271000 23271999 27144 1000
S7 2 23272000 23272999 35238 1000
S7 2 23273000 23273999 29748 1000
S7 2 23274000 23274999 27706 1000
S7 2 23275000 23275999 32744 1000
S7 2 23276000 23276999 30341 1000
S7 2 23277000 23277999 35581 1000
S7 2 23278000 23278999 28278 1000
S7 2 23279000 23279999 27600 1000
S7 2 23280000 23280999 34598 1000
S7 2 23281000 23281999 30998 1000
S7 2 23282000 23282999 32291 1000
S7 2 23283000 23283999 32606 997
S7 2 23284000 23284999 27269 1000
S7 2 23285000 23285999 29199 999
S7 2 23286000 23286999 26885 1000
S7 2 23287000 23287999 31177 994
S7 2 23288000 23288999 33778 999
S7 2 23289000 23289999 36342 1000
S7 2 23290000 23290999 34552 1000
S7 2 23291000 23291999 31323 1000
S7 2 23292000 23292999 31725 1000
S7 2 23293000 23293999 32504 1000
S7 2 23294000 23294999 33055 998
S7 2 23295000 23295999 31380 998
S7 2 23296000 23296999 34652 1000
S7 2 23297000 23297999 33827 1000
S7 2 23298000 23298999 28142 997
S7 2 23299000 23299999 29828 1000
S7 2 23300000 23300999 30932 1000
S7 2 23301000 23301999 30290 1000
S7 2 23302000 23302999 35679 1000
S7 2 23303000 23303999 25261 1000
S7 2 23304000 23304999 30349 1000
S7 2 23305000 23305999 24054 1000
S7 2 23306000 23306999 29891 1000
S7 2 23307000 23307999 34692 1000
S7 2 23308000 23308999 33098 1000
S7 2 23309000 23309999 35179 1000
S7 2 23310000 23310999 31912 1000
S7 2 23311000 23311999 29634 1000
S7 2 23312000 23312999 33690 1000
S7 2 23313000 23313999 32445 1000
S7 2 23314000 23314999 28071 1000
S7 2 23315000 23315999 33155 1000
S7 2 23316000 23316999 35124 1000
S7 2 23317000 23317999 27750 1000
S7 2 23318000 23318999 34033 999
S7 2 23319000 23319999 32742 1000
S7 2 23320000 23320999 30536 1000
S7 2 23321000 23321999 32952 1000
S7 2 23322000 23322999 27451 1000
S7 2 23323000 23323999 34303 1000
S7 2 23324000 23324999 30794 1000
S7 2 23325000 23325999 34803 1000
S7 2 23326000 23326999 32426 1000
S7 2 23327000 23327999 35507 1000
S7 2 23328000 23328999 34001 1000
S7 2 23329000 23329999 27545 923
S8 2 23232000 23232999 28189 537
S8 2 23233000 23233999 46389 1000
S8 2 23234000 23234999 41686 1000
S8 2 23235000 23235999 53255 1000
S8 2 23236000 23236999 51539 1000
S8 2 23237000 23237999 53445 1000
S8 2 23238000 23238999 53876 1000
S8 2 23239000 23239999 44279 1000
S8 2 23240000 23240999 45980 1000
S8 2 23241000 23241999 42466 1000
S8 2 23242000 23242999 51490 1000
S8 2 23243000 23243999 48359 1000
S8 2 23244000 23244999 48119 1000
S8 2 23245000 23245999 50810 1000
S8 2 23246000 23246999 45381 999
S8 2 23247000 23247999 43470 1000
S8 2 23248000 23248999 47430 1000
S8 2 23249000 23249999 21618 989
S8 2 23250000 23250999 22807 998
S8 2 23251000 23251999 45563 1000
S8 2 23252000 23252999 51329 1000
S8 2 23253000 23253999 45167 1000
S8 2 23254000 23254999 54255 1000
S8 2 23255000 23255999 52297 1000
S8 2 23256000 23256999 47028 1000
S8 2 23257000 23257999 40683 1000
S8 2 23258000 23258999 44434 1000
S8 2 23259000 23259999 49344 1000
S8 2 23260000 23260999 51527 1000
S8 2 23261000 23261999 48703 1000
S8 2 23262000 23262999 48221 1000
S8 2 23263000 23263999 45247 1000
S8 2 23264000 23264999 46844 1000
S8 2 23265000 23265999 39677 1000
S8 2 23266000 23266999 45400 1000
S8 2 23267000 23267999 48903 1000
S8 2 23268000 23268999 44973 1000
S8 2 23269000 23269999 41628 1000
S8 2 23270000 23270999 46158 998
S8 2 23271000 23271999 40266 1000
S8 2 23272000 23272999 46545 1000
S8 2 23273000 23273999 49588 1000
S8 2 23274000 23274999 49286 1000
S8 2 23275000 23275999 54787 1000
S8 2 23276000 23276999 48191 1000
S8 2 23277000 23277999 47707 1000
S8 2 23278000 23278999 44495 1000
S8 2 23279000 23279999 45626 1000
S8 2 23280000 23280999 52099 1000
S8 2 23281000 23281999 45745 1000
S8 2 23282000 23282999 47868 1000
S8 2 23283000 23283999 46855 997
S8 2 23284000 23284999 49197 1000
S8 2 23285000 23285999 53502 999
S8 2 23286000 23286999 39438 1000
S8 2 23287000 23287999 44039 994
S8 2 23288000 23288999 48425 999
S8 2 23289000 23289999 46016 1000
S8 2 23290000 23290999 43171 1000
S8 2 23291000 23291999 37710 1000
S8 2 23292000 23292999 48003 1000
S8 2 23293000 23293999 54535 1000
S8 2 23294000 23294999 50220 998
S8 2 23295000 23295999 53312 998
S8 2 23296000 23296999 51271 1000
S8 2 23297000 23297999 51109 1000
S8 2 23298000 23298999 43428 997
S8 2 23299000 23299999 46400 1000
S8 2 23300000 23300999 48131 1000
S8 2 23301000 23301999 52293 1000
S8 2 23302000 23302999 43457 1000
S8 2 23303000 23303999 52695 1000
S8 2 23304000 23304999 49569 1000
S8 2 23305000 23305999 44747 1000
S8 2 23306000 23306999 41779 1000
S8 2 23307000 23307999 44795 1000
S8 2 23308000 23308999 53197 1000
S8 2 23309000 23309999 52567 1000
S8 2 23310000 23310999 44984 1000
S8 2 23311000 23311999 54168 1000
S8 2 23312000 23312999 46203 1000
S8 2 23313000 23313999 52505 1000
S8 2 23314000 23314999 56460 1000
S8 2 23315000 23315999 52815 1000
S8 2 23316000 23316999 53328 1000
S8 2 23317000 23317999 47084 1000
S8 2 23318000 23318999 52876 999
S8 2 23319000 23319999 46262 1000
S8 2 23320000 23320999 46182 1000
S8 2 23321000 23321999 40144 1000
S8 2 23322000 23322999 48472 1000
S8 2 23323000 23323999 47624 1000
S8 2 23324000 23324999 46072 1000
S8 2 23325000 23325999 45109 1000
S8 2 23326000 23326999 48835 1000
S8 2 23327000 23327999 47177 1000
S8 2 23328000 23328999 42996 1000
S8 2 23329000 23329999 40709 923
S9 2 23232000 23232999 26343 537
S9 2 23233000 23233999 52228 1000
S9 2 23234000 23234999 45252 1000
S9 2 23235000 23235999 50082 1000
S9 2 23236000 23236999 44342 1000
S9 2 23237000 23237999 51552 1000
S9 2 23238000 23238999 57280 1000
S9 2 23239000 23239999 48755 1000
S9 2 23240000 23240999 54479 1000
S9 2 23241000 23241999 46166 1000
S9 2 23242000 23242999 56322 1000
S9 2 23243000 23243999 48570 1000
S9 2 23244000 23244999 47599 1000
S9 2 23245000 23245999 48611 1000
S9 2 23246000 23246999 52918 999
S9 2 23247000 23247999 48509 1000
S9 2 23248000 23248999 49578 1000
S9 2 23249000 23249999 21359 989
S9 2 23250000 23250999 26869 998
S9 2 23251000 23251999 44139 1000
S9 2 23252000 23252999 42568 1000
S9 2 23253000 23253999 44112 1000
S9 2 23254000 23254999 46870 1000
S9 2 23255000 23255999 47258 1000
S9 2 23256000 23256999 44891 1000
S9 2 23257000 23257999 51973 1000
S9 2 23258000 23258999 45924 1000
S9 2 23259000 23259999 51478 1000
S9 2 23260000 23260999 52217 1000
S9 2 23261000 23261999 50788 1000
S9 2 23262000 23262999 48993 1000
S9 2 23263000 23263999 50530 1000
S9 2 23264000 23264999 48797 1000
S9 2 23265000 23265999 42967 1000
S9 2 23266000 23266999 45549 1000
S9 2 23267000 23267999 52963 1000
S9 2 23268000 23268999 51395 1000
S9 2 23269000 23269999 42086 1000
S9 2 23270000 23270999 44056 998
S9 2 23271000 23271999 43137 1000
S9 2 23272000 23272999 52530 1000
S9 2 23273000 23273999 44733 1000
S9 2 23274000 23274999 47805 1000
S9 2 23275000 23275999 49931 1000
S9 2 23276000 23276999 48971 1000
S9 2 23277000 23277999 49516 1000
S9 2 23278000 23278999 50151 1000
S9 2 23279000 23279999 46229 1000
S9 2 23280000 23280999 56113 1000
S9 2 23281000 23281999 44255 1000
S9 2 23282000 23282999 44415 1000
S9 2 23283000 23283999 46504 997
S9 2 23284000 23284999 51811 1000
S9 2 23285000 23285999 45302 999
S9 2 23286000 23286999 53288 1000
S9 2 23287000 23287999 45838 994
S9 2 23288000 23288999 44450 999
S9 2 23289000 23289999 48032 1000
S9 2 23290000 23290999 50128 1000
S9 2 23291000 23291999 49035 1000
S9 2 23292000 23292999 54198 1000
S9 2 23293000 23293999 52341 1000
S9 2 23294000 23294999 55137 998
S9 2 23295000 23295999 49469 998
S9 2 23296000 23296999 44212 1000
S9 2 23297000 23297999 47229 1000
S9 2 23298000 23298999 42927 997
S9 2 23299000 23299999 53047 1000
S9 2 23300000 23300999 45188 1000
S9 2 23301000 23301999 42231 1000
S9 2 23302000 23302999 50531 1000
S9 2 23303000 23303999 48965 1000
S9 2 23304000 23304999 46959 1000
S9 2 23305000 23305999 49762 1000
S9 2 23306000 23306999 46645 1000
S9 2 23307000 23307999 52640 1000
S9 2 23308000 23308999 48031 1000
S9 2 23309000 23309999 54778 1000
S9 2 23310000 23310999 50526 1000
S9 2 23311000 23311999 47576 1000
S9 2 23312000 23312999 45243 1000
S9 2 23313000 23313999 51837 1000
S9 2 23314000 23314999 46720 1000
S9 2 23315000 23315999 51592 1000
S9 2 23316000 23316999 50680 1000
S9 2 23317000 23317999 50755 1000
S9 2 23318000 23318999 48733 999
S9 2 23319000 23319999 46889 1000
S9 2 23320000 23320999 50380 1000
S9 2 23321000 23321999 45814 1000
S9 2 23322000 23322999 48640 1000
S9 2 23323000 23323999 45337 1000
S9 2 23324000 23324999 49064 1000
S9 2 23325000 23325999 49460 1000
S9 2 23326000 23326999 50760 1000
S9 2 23327000 23327999 51986 1000
S9 2 23328000 23328999 51760 1000
S9 2 23329000 23329999 45953 923
