Indiv CHROM pos1 pos2 sum_depth n_sites
S1 2 4355000 4355999 13486 389
S1 2 4356000 4356999 42451 1000
S1 2 4357000 4357999 38565 1000
S1 2 4358000 4358999 46538 1000
S1 2 4359000 4359999 39473 1000
S1 2 4360000 4360999 37604 1000
S1 2 4361000 4361999 44083 1000
S1 2 4362000 4362999 37112 1000
S1 2 4363000 4363999 37249 1000
S1 2 4364000 4364999 38781 999
S1 2 4365000 4365999 43723 999
S1 2 4366000 4366999 42332 1000
S1 2 4367000 4367999 46031 1000
S1 2 4368000 4368999 40502 1000
S1 2 4369000 4369999 41617 1000
S1 2 4370000 4370999 41761 1000
S1 2 4371000 4371999 43563 1000
S1 2 4372000 4372999 43335 1000
S1 2 4373000 4373999 42604 1000
S1 2 4374000 4374999 37596 1000
S1 2 4375000 4375999 44188 1000
S1 2 4376000 4376999 44023 1000
S1 2 4377000 4377999 39775 995
S1 2 4378000 4378999 43730 1000
S1 2 4379000 4379999 44750 1000
S1 2 4380000 4380999 50278 1000
S1 2 4381000 4381999 43781 1000
S1 2 4382000 4382999 43463 1000
S1 2 4383000 4383999 43737 999
S1 2 4384000 4384999 40953 1000
S1 2 4385000 4385999 44867 1000
S1 2 4386000 4386999 38809 999
S1 2 4387000 4387999 43490 1000
S1 2 4388000 4388999 38539 988
S1 2 4389000 4389999 46389 1000
S1 2 4390000 4390999 43527 1000
S1 2 4391000 4391999 41303 1000
S1 2 4392000 4392999 40936 1000
S1 2 4393000 4393999 41962 1000
S1 2 4394000 4394999 40078 1000
S1 2 4395000 4395999 39744 1000
S1 2 4396000 4396999 40138 1000
S1 2 4397000 4397999 42507 1000
S1 2 4398000 4398999 42777 1000
S1 2 4399000 4399999 40599 1000
S1 2 4400000 4400999 45296 999
S1 2 4401000 4401999 41479 1000
S1 2 4402000 4402999 45923 998
S1 2 4403000 4403999 44507 1000
S1 2 4404000 4404999 43645 993
S1 2 4405000 4405999 42655 999
S1 2 4406000 4406999 40326 1000
S1 2 4407000 4407999 37853 1000
S1 2 4408000 4408999 39900 1000
S1 2 4409000 4409999 42145 997
S1 2 4410000 4410999 41781 1000
S1 2 4411000 4411999 710 994
S1 2 4412000 4412999 36590 1000
S1 2 4413000 4413999 36595 1000
S1 2 4414000 4414999 45698 1000
S1 2 4415000 4415999 40237 1000
S1 2 4416000 4416999 46142 1000
S1 2 4417000 4417999 38185 1000
S1 2 4418000 4418999 45231 1000
S1 2 4419000 4419999 45040 1000
S1 2 4420000 4420999 45066 1000
S1 2 4421000 4421999 42264 993
S1 2 4422000 4422999 40391 1000
S1 2 4423000 4423999 40208 1000
S1 2 4424000 4424999 43320 1000
S1 2 4425000 4425999 43753 1000
S1 2 4426000 4426999 41044 999
S1 2 4427000 4427999 40674 1000
S1 2 4428000 4428999 40616 997
S1 2 4429000 4429999 41197 1000
S1 2 4430000 4430999 40066 1000
S1 2 4431000 4431999 43663 1000
S1 2 4432000 4432999 39096 1000
S1 2 4433000 4433999 37651 998
S1 2 4434000 4434999 41723 1000
S1 2 4435000 4435999 43465 997
S1 2 4436000 4436999 39757 1000
S1 2 4437000 4437999 37877 1000
S1 2 4438000 4438999 37226 994
S1 2 4439000 4439999 40570 1000
S1 2 4440000 4440999 37356 1000
S1 2 4441000 4441999 37168 1000
S1 2 4442000 4442999 45990 997
S1 2 4443000 4443999 33671 998
S1 2 4444000 4444999 33843 998
S1 2 4445000 4445999 39635 998
S1 2 4446000 4446999 37283 1000
S1 2 4447000 4447999 34525 999
S1 2 4448000 4448999 39747 1000
S1 2 4449000 4449999 46300 1000
S1 2 4450000 4450999 38012 1000
S1 2 4451000 4451999 28146 1000
S1 2 4452000 4452999 41707 996
S1 2 4453000 4453999 41815 993
S1 2 4454000 4454999 46964 999
S1 2 4455000 4455999 39487 1000
S1 2 4456000 4456999 41116 1000
S1 2 4457000 4457999 38472 1000
S1 2 4458000 4458999 45828 1000
S1 2 4459000 4459999 42371 1000
S1 2 4460000 4460999 28124 1000
S1 2 4461000 4461999 41779 993
S1 2 4462000 4462999 42134 999
S1 2 4463000 4463999 47069 1000
S1 2 4464000 4464999 40438 986
S1 2 4465000 4465999 32327 1000
S1 2 4466000 4466999 45085 999
S1 2 4467000 4467999 43377 1000
S1 2 4468000 4468999 35935 998
S1 2 4469000 4469999 19793 1000
S1 2 4470000 4470999 0 1000
S1 2 4471000 4471999 0 999
S1 2 4472000 4472999 27733 999
S1 2 4473000 4473999 37804 997
S1 2 4474000 4474999 31921 994
S1 2 4475000 4475999 40117 1000
S1 2 4476000 4476999 32388 996
S1 2 4477000 4477999 45454 995
S1 2 4478000 4478999 34352 981
S1 2 4479000 4479999 40818 1000
S1 2 4480000 4480999 40263 1000
S1 2 4481000 4481999 33118 988
S1 2 4482000 4482999 40554 1000
S1 2 4483000 4483999 32446 794
S10 2 4355000 4355999 11231 389
S10 2 4356000 4356999 39343 1000
S10 2 4357000 4357999 52749 1000
S10 2 4358000 4358999 50099 1000
S10 2 4359000 4359999 43062 1000
S10 2 4360000 4360999 44888 1000
S10 2 4361000 4361999 47656 1000
S10 2 4362000 4362999 50177 1000
S10 2 4363000 4363999 45315 1000
S10 2 4364000 4364999 40179 999
S10 2 4365000 4365999 44115 999
S10 2 4366000 4366999 43480 1000
S10 2 4367000 4367999 48304 1000
S10 2 4368000 4368999 48273 1000
S10 2 4369000 4369999 40414 1000
S10 2 4370000 4370999 43533 1000
S10 2 4371000 4371999 47770 1000
S10 2 4372000 4372999 43292 1000
S10 2 4373000 4373999 43030 1000
S10 2 4374000 4374999 39563 1000
S10 2 4375000 4375999 46642 1000
S10 2 4376000 4376999 44444 1000
S10 2 4377000 4377999 41041 995
S10 2 4378000 4378999 42278 1000
S10 2 4379000 4379999 47403 1000
S10 2 4380000 4380999 41065 1000
S10 2 4381000 4381999 43878 1000
S10 2 4382000 4382999 49034 1000
S10 2 4383000 4383999 39487 999
S10 2 4384000 4384999 43295 1000
S10 2 4385000 4385999 47925 1000
S10 2 4386000 4386999 47014 999
S10 2 4387000 4387999 49017 1000
S10 2 4388000 4388999 51298 988
S10 2 4389000 4389999 44627 1000
S10 2 4390000 4390999 48677 1000
S10 2 4391000 4391999 42030 1000
S10 2 4392000 4392999 41336 1000
S10 2 4393000 4393999 36985 1000
S10 2 4394000 4394999 41876 1000
S10 2 4395000 4395999 40293 1000
S10 2 4396000 4396999 46042 1000
S10 2 4397000 4397999 43505 1000
S10 2 4398000 4398999 50055 1000
S10 2 4399000 4399999 49475 1000
S10 2 4400000 4400999 55244 999
S10 2 4401000 4401999 45316 1000
S10 2 4402000 4402999 45666 998
S10 2 4403000 4403999 47518 1000
S10 2 4404000 4404999 41700 993
S10 2 4405000 4405999 36578 999
S10 2 4406000 4406999 46021 1000
S10 2 4407000 4407999 48712 1000
S10 2 4408000 4408999 50226 1000
S10 2 4409000 4409999 47373 997
S10 2 4410000 4410999 43147 1000
S10 2 4411000 4411999 129 994
S10 2 4412000 4412999 34573 1000
S10 2 4413000 4413999 47330 1000
S10 2 4414000 4414999 41571 1000
S10 2 4415000 4415999 44437 1000
S10 2 4416000 4416999 47925 1000
S10 2 4417000 4417999 44883 1000
S10 2 4418000 4418999 45289 1000
S10 2 4419000 4419999 51539 1000
S10 2 4420000 4420999 41323 1000
S10 2 4421000 4421999 39801 993
S10 2 4422000 4422999 45883 1000
S10 2 4423000 4423999 46061 1000
S10 2 4424000 4424999 43858 1000
S10 2 4425000 4425999 49319 1000
S10 2 4426000 4426999 44411 999
S10 2 4427000 4427999 44940 1000
S10 2 4428000 4428999 45673 997
S10 2 4429000 4429999 44383 1000
S10 2 4430000 4430999 45135 1000
S10 2 4431000 4431999 46070 1000
S10 2 4432000 4432999 46317 1000
S10 2 4433000 4433999 37377 998
S10 2 4434000 4434999 28419 1000
S10 2 4435000 4435999 44981 997
S10 2 4436000 4436999 46612 1000
S10 2 4437000 4437999 45668 1000
S10 2 4438000 4438999 39665 994
S10 2 4439000 4439999 46865 1000
S10 2 4440000 4440999 42900 1000
S10 2 4441000 4441999 37114 1000
S10 2 4442000 4442999 47397 997
S10 2 4443000 4443999 40458 998
S10 2 4444000 4444999 38602 998
S10 2 4445000 4445999 46398 998
S10 2 4446000 4446999 43546 1000
S10 2 4447000 4447999 38463 999
S10 2 4448000 4448999 47351 1000
S10 2 4449000 4449999 40708 1000
S10 2 4450000 4450999 44270 1000
S10 2 4451000 4451999 38692 1000
S10 2 4452000 4452999 40478 996
S10 2 4453000 4453999 44731 993
S10 2 4454000 4454999 36603 999
S10 2 4455000 4455999 46798 1000
S10 2 4456000 4456999 47414 1000
S10 2 4457000 4457999 41324 1000
S10 2 4458000 4458999 34318 1000
S10 2 4459000 4459999 37787 1000
S10 2 4460000 4460999 36444 1000
S10 2 4461000 4461999 37259 993
S10 2 4462000 4462999 52008 999
S10 2 4463000 4463999 42869 1000
S10 2 4464000 4464999 44555 986
S10 2 4465000 4465999 42121 1000
S10 2 4466000 4466999 44574 999
S10 2 4467000 4467999 51738 1000
S10 2 4468000 4468999 47362 998
S10 2 4469000 4469999 17795 1000
S10 2 4470000 4470999 0 1000
S10 2 4471000 4471999 0 999
S10 2 4472000 4472999 17922 999
S10 2 4473000 4473999 37430 997
S10 2 4474000 4474999 27658 994
S10 2 4475000 4475999 39447 1000
S10 2 4476000 4476999 45633 996
S10 2 4477000 4477999 51417 995
S10 2 4478000 4478999 48869 981
S10 2 4479000 4479999 37083 1000
S10 2 4480000 4480999 41890 1000
S10 2 4481000 4481999 36169 988
S10 2 4482000 4482999 42810 1000
S10 2 4483000 4483999 37319 794
S11 2 4355000 4355999 24631 389
S11 2 4356000 4356999 57690 1000
S11 2 4357000 4357999 61143 1000
S11 2 4358000 4358999 56481 1000
S11 2 4359000 4359999 55405 1000
S11 2 4360000 4360999 59342 1000
S11 2 4361000 4361999 52271 1000
S11 2 4362000 4362999 62216 1000
S11 2 4363000 4363999 51089 1000
S11 2 4364000 4364999 55577 999
S11 2 4365000 4365999 62716 999
S11 2 4366000 4366999 49979 1000
S11 2 4367000 4367999 57412 1000
S11 2 4368000 4368999 55010 1000
S11 2 4369000 4369999 54081 1000
S11 2 4370000 4370999 53658 1000
S11 2 4371000 4371999 61422 1000
S11 2 4372000 4372999 54124 1000
S11 2 4373000 4373999 58366 1000
S11 2 4374000 4374999 61971 1000
S11 2 4375000 4375999 59836 1000
S11 2 4376000 4376999 55948 1000
S11 2 4377000 4377999 59472 995
S11 2 4378000 4378999 61341 1000
S11 2 4379000 4379999 56030 1000
S11 2 4380000 4380999 53131 1000
S11 2 4381000 4381999 61357 1000
S11 2 4382000 4382999 64336 1000
S11 2 4383000 4383999 49733 999
S11 2 4384000 4384999 52963 1000
S11 2 4385000 4385999 61424 1000
S11 2 4386000 4386999 54282 999
S11 2 4387000 4387999 58476 1000
S11 2 4388000 4388999 56978 988
S11 2 4389000 4389999 62402 1000
S11 2 4390000 4390999 54315 1000
S11 2 4391000 4391999 54899 1000
S11 2 4392000 4392999 45638 1000
S11 2 4393000 4393999 47637 1000
S11 2 4394000 4394999 53736 1000
S11 2 4395000 4395999 53630 1000
S11 2 4396000 4396999 46386 1000
S11 2 4397000 4397999 51497 1000
S11 2 4398000 4398999 56993 1000
S11 2 4399000 4399999 54905 1000
S11 2 4400000 4400999 52371 999
S11 2 4401000 4401999 52615 1000
S11 2 4402000 4402999 51692 998
S11 2 4403000 4403999 57787 1000
S11 2 4404000 4404999 57016 993
S11 2 4405000 4405999 52040 999
S11 2 4406000 4406999 60308 1000
S11 2 4407000 4407999 56066 1000
S11 2 4408000 4408999 55768 1000
S11 2 4409000 4409999 61491 997
S11 2 4410000 4410999 52724 1000
S11 2 4411000 4411999 1263 994
S11 2 4412000 4412999 46906 1000
S11 2 4413000 4413999 55132 1000
S11 2 4414000 4414999 55649 1000
S11 2 4415000 4415999 59245 1000
S11 2 4416000 4416999 59822 1000
S11 2 4417000 4417999 59367 1000
S11 2 4418000 4418999 66778 1000
S11 2 4419000 4419999 59312 1000
S11 2 4420000 4420999 56392 1000
S11 2 4421000 4421999 52379 993
S11 2 4422000 4422999 54361 1000
S11 2 4423000 4423999 57052 1000
S11 2 4424000 4424999 56515 1000
S11 2 4425000 4425999 54593 1000
S11 2 4426000 4426999 54177 999
S11 2 4427000 4427999 48374 1000
S11 2 4428000 4428999 58375 997
S11 2 4429000 4429999 50991 1000
S11 2 4430000 4430999 54984 1000
S11 2 4431000 4431999 55312 1000
S11 2 4432000 4432999 57666 1000
S11 2 4433000 4433999 49418 998
S11 2 4434000 4434999 39237 1000
S11 2 4435000 4435999 56061 997
S11 2 4436000 4436999 58420 1000
S11 2 4437000 4437999 41580 1000
S11 2 4438000 4438999 44162 994
S11 2 4439000 4439999 62086 1000
S11 2 4440000 4440999 53316 1000
S11 2 4441000 4441999 51772 1000
S11 2 4442000 4442999 60639 997
S11 2 4443000 4443999 44500 998
S11 2 4444000 4444999 59212 998
S11 2 4445000 4445999 45598 998
S11 2 4446000 4446999 52065 1000
S11 2 4447000 4447999 45932 999
S11 2 4448000 4448999 49072 1000
S11 2 4449000 4449999 61666 1000
S11 2 4450000 4450999 63214 1000
S11 2 4451000 4451999 47103 1000
S11 2 4452000 4452999 58697 996
S11 2 4453000 4453999 66793 993
S11 2 4454000 4454999 54586 999
S11 2 4455000 4455999 58735 1000
S11 2 4456000 4456999 57096 1000
S11 2 4457000 4457999 52283 1000
S11 2 4458000 4458999 49164 1000
S11 2 4459000 4459999 59825 1000
S11 2 4460000 4460999 40527 1000
S11 2 4461000 4461999 53710 993
S11 2 4462000 4462999 49913 999
S11 2 4463000 4463999 59316 1000
S11 2 4464000 4464999 51897 986
S11 2 4465000 4465999 55857 1000
S11 2 4466000 4466999 48317 999
S11 2 4467000 4467999 60527 1000
S11 2 4468000 4468999 55640 998
S11 2 4469000 4469999 30031 1000
S11 2 4470000 4470999 0 1000
S11 2 4471000 4471999 70 999
S11 2 4472000 4472999 35976 999
S11 2 4473000 4473999 54039 997
S11 2 4474000 4474999 40621 994
S11 2 4475000 4475999 56715 1000
S11 2 4476000 4476999 58878 996
S11 2 4477000 4477999 47279 995
S11 2 4478000 4478999 55208 981
S11 2 4479000 4479999 52983 1000
S11 2 4480000 4480999 62891 1000
S11 2 4481000 4481999 41768 988
S11 2 4482000 4482999 54410 1000
S11 2 4483000 4483999 48123 794
S12 2 4355000 4355999 12751 389
S12 2 4356000 4356999 46388 1000
S12 2 4357000 4357999 48030 1000
S12 2 4358000 4358999 44957 1000
S12 2 4359000 4359999 43969 1000
S12 2 4360000 4360999 42331 1000
S12 2 4361000 4361999 46434 1000
S12 2 4362000 4362999 41861 1000
S12 2 4363000 4363999 43655 1000
S12 2 4364000 4364999 42294 999
S12 2 4365000 4365999 47545 999
S12 2 4366000 4366999 45135 1000
S12 2 4367000 4367999 39066 1000
S12 2 4368000 4368999 44112 1000
S12 2 4369000 4369999 39733 1000
S12 2 4370000 4370999 45111 1000
S12 2 4371000 4371999 48524 1000
S12 2 4372000 4372999 45892 1000
S12 2 4373000 4373999 46879 1000
S12 2 4374000 4374999 43373 1000
S12 2 4375000 4375999 44468 1000
S12 2 4376000 4376999 50517 1000
S12 2 4377000 4377999 47021 995
S12 2 4378000 4378999 50710 1000
S12 2 4379000 4379999 40241 1000
S12 2 4380000 4380999 42375 1000
S12 2 4381000 4381999 46080 1000
S12 2 4382000 4382999 49155 1000
S12 2 4383000 4383999 43932 999
S12 2 4384000 4384999 44029 1000
S12 2 4385000 4385999 49147 1000
S12 2 4386000 4386999 45935 999
S12 2 4387000 4387999 51577 1000
S12 2 4388000 4388999 44929 988
S12 2 4389000 4389999 45936 1000
S12 2 4390000 4390999 43559 1000
S12 2 4391000 4391999 49338 1000
S12 2 4392000 4392999 46873 1000
S12 2 4393000 4393999 44979 1000
S12 2 4394000 4394999 44545 1000
S12 2 4395000 4395999 43721 1000
S12 2 4396000 4396999 40747 1000
S12 2 4397000 4397999 48019 1000
S12 2 4398000 4398999 43542 1000
S12 2 4399000 4399999 45822 1000
S12 2 4400000 4400999 44617 999
S12 2 4401000 4401999 43144 1000
S12 2 4402000 4402999 47048 998
S12 2 4403000 4403999 44741 1000
S12 2 4404000 4404999 44044 993
S12 2 4405000 4405999 47247 999
S12 2 4406000 4406999 46149 1000
S12 2 4407000 4407999 46779 1000
S12 2 4408000 4408999 48909 1000
S12 2 4409000 4409999 51335 997
S12 2 4410000 4410999 49961 1000
S12 2 4411000 4411999 749 994
S12 2 4412000 4412999 40495 1000
S12 2 4413000 4413999 41997 1000
S12 2 4414000 4414999 43416 1000
S12 2 4415000 4415999 44855 1000
S12 2 4416000 4416999 37617 1000
S12 2 4417000 4417999 39046 1000
S12 2 4418000 4418999 40367 1000
S12 2 4419000 4419999 45319 1000
S12 2 4420000 4420999 42153 1000
S12 2 4421000 4421999 43213 993
S12 2 4422000 4422999 40779 1000
S12 2 4423000 4423999 44870 1000
S12 2 4424000 4424999 47157 1000
S12 2 4425000 4425999 39947 1000
S12 2 4426000 4426999 38147 999
S12 2 4427000 4427999 41230 1000
S12 2 4428000 4428999 43404 997
S12 2 4429000 4429999 44868 1000
S12 2 4430000 4430999 46882 1000
S12 2 4431000 4431999 46625 1000
S12 2 4432000 4432999 49728 1000
S12 2 4433000 4433999 41591 998
S12 2 4434000 4434999 28566 1000
S12 2 4435000 4435999 41803 997
S12 2 4436000 4436999 33533 1000
S12 2 4437000 4437999 39208 1000
S12 2 4438000 4438999 45507 994
S12 2 4439000 4439999 45608 1000
S12 2 4440000 4440999 41515 1000
S12 2 4441000 4441999 40884 1000
S12 2 4442000 4442999 40119 997
S12 2 4443000 4443999 44542 998
S12 2 4444000 4444999 43476 998
S12 2 4445000 4445999 47419 998
S12 2 4446000 4446999 48687 1000
S12 2 4447000 4447999 39737 999
S12 2 4448000 4448999 49846 1000
S12 2 4449000 4449999 60806 1000
S12 2 4450000 4450999 49972 1000
S12 2 4451000 4451999 51416 1000
S12 2 4452000 4452999 48370 996
S12 2 4453000 4453999 47366 993
S12 2 4454000 4454999 45390 999
S12 2 4455000 4455999 50009 1000
S12 2 4456000 4456999 46371 1000
S12 2 4457000 4457999 39491 1000
S12 2 4458000 4458999 43699 1000
S12 2 4459000 4459999 45661 1000
S12 2 4460000 4460999 39093 1000
S12 2 4461000 4461999 51602 993
S12 2 4462000 4462999 39328 999
S12 2 4463000 4463999 43056 1000
S12 2 4464000 4464999 48203 986
S12 2 4465000 4465999 50056 1000
S12 2 4466000 4466999 47669 999
S12 2 4467000 4467999 49260 1000
S12 2 4468000 4468999 42082 998
S12 2 4469000 4469999 22661 1000
S12 2 4470000 4470999 0 1000
S12 2 4471000 4471999 0 999
S12 2 4472000 4472999 35707 999
S12 2 4473000 4473999 41942 997
S12 2 4474000 4474999 39871 994
S12 2 4475000 4475999 52187 1000
S12 2 4476000 4476999 45987 996
S12 2 4477000 4477999 32900 995
S12 2 4478000 4478999 43168 981
S12 2 4479000 4479999 47038 1000
S12 2 4480000 4480999 43660 1000
S12 2 4481000 4481999 36980 988
S12 2 4482000 4482999 46637 1000
S12 2 4483000 4483999 33866 794
S13 2 4355000 4355999 10675 389
S13 2 4356000 4356999 36454 1000
S13 2 4357000 4357999 38406 1000
S13 2 4358000 4358999 40385 1000
S13 2 4359000 4359999 39156 1000
S13 2 4360000 4360999 36913 1000
S13 2 4361000 4361999 35174 1000
S13 2 4362000 4362999 35581 1000
S13 2 4363000 4363999 39676 1000
S13 2 4364000 4364999 38929 999
S13 2 4365000 4365999 42708 999
S13 2 4366000 4366999 35668 1000
S13 2 4367000 4367999 33840 1000
S13 2 4368000 4368999 34826 1000
S13 2 4369000 4369999 35169 1000
S13 2 4370000 4370999 31621 1000
S13 2 4371000 4371999 35457 1000
S13 2 4372000 4372999 33503 1000
S13 2 4373000 4373999 35060 1000
S13 2 4374000 4374999 36396 1000
S13 2 4375000 4375999 39832 1000
S13 2 4376000 4376999 39094 1000
S13 2 4377000 4377999 35895 995
S13 2 4378000 4378999 34427 1000
S13 2 4379000 4379999 37788 1000
S13 2 4380000 4380999 37570 1000
S13 2 4381000 4381999 38202 1000
S13 2 4382000 4382999 36686 1000
S13 2 4383000 4383999 39722 999
S13 2 4384000 4384999 36688 1000
S13 2 4385000 4385999 39628 1000
S13 2 4386000 4386999 31068 999
S13 2 4387000 4387999 42504 1000
S13 2 4388000 4388999 40444 988
S13 2 4389000 4389999 41334 1000
S13 2 4390000 4390999 36815 1000
S13 2 4391000 4391999 39681 1000
S13 2 4392000 4392999 36191 1000
S13 2 4393000 4393999 33844 1000
S13 2 4394000 4394999 37954 1000
S13 2 4395000 4395999 37230 1000
S13 2 4396000 4396999 36493 1000
S13 2 4397000 4397999 39178 1000
S13 2 4398000 4398999 40017 1000
S13 2 4399000 4399999 40309 1000
S13 2 4400000 4400999 35071 999
S13 2 4401000 4401999 37333 1000
S13 2 4402000 4402999 40399 998
S13 2 4403000 4403999 40032 1000
S13 2 4404000 4404999 37463 993
S13 2 4405000 4405999 25794 999
S13 2 4406000 4406999 35236 1000
S13 2 4407000 4407999 40190 1000
S13 2 4408000 4408999 43897 1000
S13 2 4409000 4409999 41468 997
S13 2 4410000 4410999 37919 1000
S13 2 4411000 4411999 173 994
S13 2 4412000 4412999 30974 1000
S13 2 4413000 4413999 38764 1000
S13 2 4414000 4414999 42230 1000
S13 2 4415000 4415999 38806 1000
S13 2 4416000 4416999 34682 1000
S13 2 4417000 4417999 35901 1000
S13 2 4418000 4418999 42755 1000
S13 2 4419000 4419999 40962 1000
S13 2 4420000 4420999 38565 1000
S13 2 4421000 4421999 36375 993
S13 2 4422000 4422999 38516 1000
S13 2 4423000 4423999 35371 1000
S13 2 4424000 4424999 38486 1000
S13 2 4425000 4425999 34799 1000
S13 2 4426000 4426999 40144 999
S13 2 4427000 4427999 37744 1000
S13 2 4428000 4428999 38491 997
S13 2 4429000 4429999 39006 1000
S13 2 4430000 4430999 43634 1000
S13 2 4431000 4431999 36080 1000
S13 2 4432000 4432999 36239 1000
S13 2 4433000 4433999 23365 998
S13 2 4434000 4434999 19543 1000
S13 2 4435000 4435999 33844 997
S13 2 4436000 4436999 37297 1000
S13 2 4437000 4437999 32868 1000
S13 2 4438000 4438999 27014 994
S13 2 4439000 4439999 36062 1000
S13 2 4440000 4440999 37705 1000
S13 2 4441000 4441999 29036 1000
S13 2 4442000 4442999 43761 997
S13 2 4443000 4443999 29677 998
S13 2 4444000 4444999 33127 998
S13 2 4445000 4445999 36639 998
S13 2 4446000 4446999 42149 1000
S13 2 4447000 4447999 34975 999
S13 2 4448000 4448999 37789 1000
S13 2 4449000 4449999 32022 1000
S13 2 4450000 4450999 32837 1000
S13 2 4451000 4451999 35325 1000
S13 2 4452000 4452999 36070 996
S13 2 4453000 4453999 27367 993
S13 2 4454000 4454999 37626 999
S13 2 4455000 4455999 38228 1000
S13 2 4456000 4456999 35712 1000
S13 2 4457000 4457999 39326 1000
S13 2 4458000 4458999 26725 1000
S13 2 4459000 4459999 33667 1000
S13 2 4460000 4460999 22419 1000
S13 2 4461000 4461999 34677 993
S13 2 4462000 4462999 29647 999
S13 2 4463000 4463999 39386 1000
S13 2 4464000 4464999 31969 986
S13 2 4465000 4465999 32758 1000
S13 2 4466000 4466999 43110 999
S13 2 4467000 4467999 29599 1000
S13 2 4468000 4468999 39491 998
S13 2 4469000 4469999 20721 1000
S13 2 4470000 4470999 0 1000
S13 2 4471000 4471999 0 999
S13 2 4472000 4472999 16572 999
S13 2 4473000 4473999 28076 997
S13 2 4474000 4474999 23393 994
S13 2 4475000 4475999 38996 1000
S13 2 4476000 4476999 45769 996
S13 2 4477000 4477999 39456 995
S13 2 4478000 4478999 33097 981
S13 2 4479000 4479999 32274 1000
S13 2 4480000 4480999 33039 1000
S13 2 4481000 4481999 32962 988
S13 2 4482000 4482999 39386 1000
S13 2 4483000 4483999 26630 794
S14 2 4355000 4355999 17245 389
S14 2 4356000 4356999 44695 1000
S14 2 4357000 4357999 55590 1000
S14 2 4358000 4358999 52250 1000
S14 2 4359000 4359999 50524 1000
S14 2 4360000 4360999 46216 1000
S14 2 4361000 4361999 49291 1000
S14 2 4362000 4362999 46570 1000
S14 2 4363000 4363999 50903 1000
S14 2 4364000 4364999 49452 999
S14 2 4365000 4365999 46350 999
S14 2 4366000 4366999 43306 1000
S14 2 4367000 4367999 47701 1000
S14 2 4368000 4368999 51690 1000
S14 2 4369000 4369999 50861 1000
S14 2 4370000 4370999 44202 1000
S14 2 4371000 4371999 47357 1000
S14 2 4372000 4372999 45413 1000
S14 2 4373000 4373999 48592 1000
S14 2 4374000 4374999 48180 1000
S14 2 4375000 4375999 48146 1000
S14 2 4376000 4376999 48819 1000
S14 2 4377000 4377999 52786 995
S14 2 4378000 4378999 52310 1000
S14 2 4379000 4379999 46631 1000
S14 2 4380000 4380999 49605 1000
S14 2 4381000 4381999 47742 1000
S14 2 4382000 4382999 48412 1000
S14 2 4383000 4383999 51645 999
S14 2 4384000 4384999 49315 1000
S14 2 4385000 4385999 52452 1000
S14 2 4386000 4386999 48259 999
S14 2 4387000 4387999 44459 1000
S14 2 4388000 4388999 51580 988
S14 2 4389000 4389999 50505 1000
S14 2 4390000 4390999 48900 1000
S14 2 4391000 4391999 44300 1000
S14 2 4392000 4392999 53632 1000
S14 2 4393000 4393999 44637 1000
S14 2 4394000 4394999 50916 1000
S14 2 4395000 4395999 47588 1000
S14 2 4396000 4396999 42457 1000
S14 2 4397000 4397999 45406 1000
S14 2 4398000 4398999 47036 1000
S14 2 4399000 4399999 49069 1000
S14 2 4400000 4400999 54403 999
S14 2 4401000 4401999 55105 1000
S14 2 4402000 4402999 47492 998
S14 2 4403000 4403999 44248 1000
S14 2 4404000 4404999 52209 993
S14 2 4405000 4405999 45778 999
S14 2 4406000 4406999 48816 1000
S14 2 4407000 4407999 51768 1000
S14 2 4408000 4408999 48507 1000
S14 2 4409000 4409999 50632 997
S14 2 4410000 4410999 51764 1000
S14 2 4411000 4411999 1530 994
S14 2 4412000 4412999 41715 1000
S14 2 4413000 4413999 48627 1000
S14 2 4414000 4414999 50358 1000
S14 2 4415000 4415999 59490 1000
S14 2 4416000 4416999 49932 1000
S14 2 4417000 4417999 44514 1000
S14 2 4418000 4418999 50098 1000
S14 2 4419000 4419999 44044 1000
S14 2 4420000 4420999 44842 1000
S14 2 4421000 4421999 48546 993
S14 2 4422000 4422999 51551 1000
S14 2 4423000 4423999 44052 1000
S14 2 4424000 4424999 47790 1000
S14 2 4425000 4425999 45807 1000
S14 2 4426000 4426999 47569 999
S14 2 4427000 4427999 48281 1000
S14 2 4428000 4428999 41204 997
S14 2 4429000 4429999 47528 1000
S14 2 4430000 4430999 53943 1000
S14 2 4431000 4431999 46782 1000
S14 2 4432000 4432999 53105 1000
S14 2 4433000 4433999 40951 998
S14 2 4434000 4434999 32930 1000
S14 2 4435000 4435999 43993 997
S14 2 4436000 4436999 49017 1000
S14 2 4437000 4437999 55075 1000
S14 2 4438000 4438999 44920 994
S14 2 4439000 4439999 49486 1000
S14 2 4440000 4440999 50420 1000
S14 2 4441000 4441999 48380 1000
S14 2 4442000 4442999 49564 997
S14 2 4443000 4443999 47017 998
S14 2 4444000 4444999 43948 998
S14 2 4445000 4445999 53289 998
S14 2 4446000 4446999 49632 1000
S14 2 4447000 4447999 42362 999
S14 2 4448000 4448999 52554 1000
S14 2 4449000 4449999 52242 1000
S14 2 4450000 4450999 51151 1000
S14 2 4451000 4451999 39160 1000
S14 2 4452000 4452999 49055 996
S14 2 4453000 4453999 50609 993
S14 2 4454000 4454999 54838 999
S14 2 4455000 4455999 49581 1000
S14 2 4456000 4456999 47756 1000
S14 2 4457000 4457999 47524 1000
S14 2 4458000 4458999 47134 1000
S14 2 4459000 4459999 54857 1000
S14 2 4460000 4460999 45387 1000
S14 2 4461000 4461999 44048 993
S14 2 4462000 4462999 37581 999
S14 2 4463000 4463999 61381 1000
S14 2 4464000 4464999 50552 986
S14 2 4465000 4465999 51088 1000
S14 2 4466000 4466999 54598 999
S14 2 4467000 4467999 52464 1000
S14 2 4468000 4468999 50500 998
S14 2 4469000 4469999 21275 1000
S14 2 4470000 4470999 0 1000
S14 2 4471000 4471999 0 999
S14 2 4472000 4472999 22824 999
S14 2 4473000 4473999 41043 997
S14 2 4474000 4474999 38099 994
S14 2 4475000 4475999 42517 1000
S14 2 4476000 4476999 55386 996
S14 2 4477000 4477999 50833 995
S14 2 4478000 4478999 50326 981
S14 2 4479000 4479999 51363 1000
S14 2 4480000 4480999 51358 1000
S14 2 4481000 4481999 40317 988
S14 2 4482000 4482999 44197 1000
S14 2 4483000 4483999 41624 794
S15 2 4355000 4355999 13539 389
S15 2 4356000 4356999 47289 1000
S15 2 4357000 4357999 47365 1000
S15 2 4358000 4358999 46055 1000
S15 2 4359000 4359999 51901 1000
S15 2 4360000 4360999 46677 1000
S15 2 4361000 4361999 41606 1000
S15 2 4362000 4362999 41157 1000
S15 2 4363000 4363999 45788 1000
S15 2 4364000 4364999 44011 999
S15 2 4365000 4365999 50431 999
S15 2 4366000 4366999 47854 1000
S15 2 4367000 4367999 44317 1000
S15 2 4368000 4368999 45490 1000
S15 2 4369000 4369999 43914 1000
S15 2 4370000 4370999 44225 1000
S15 2 4371000 4371999 43618 1000
S15 2 4372000 4372999 41197 1000
S15 2 4373000 4373999 49236 1000
S15 2 4374000 4374999 42091 1000
S15 2 4375000 4375999 48346 1000
S15 2 4376000 4376999 41583 1000
S15 2 4377000 4377999 41831 995
S15 2 4378000 4378999 40623 1000
S15 2 4379000 4379999 42716 1000
S15 2 4380000 4380999 41483 1000
S15 2 4381000 4381999 43127 1000
S15 2 4382000 4382999 46002 1000
S15 2 4383000 4383999 39590 999
S15 2 4384000 4384999 46414 1000
S15 2 4385000 4385999 48155 1000
S15 2 4386000 4386999 42964 999
S15 2 4387000 4387999 43442 1000
S15 2 4388000 4388999 48967 988
S15 2 4389000 4389999 46597 1000
S15 2 4390000 4390999 44918 1000
S15 2 4391000 4391999 39688 1000
S15 2 4392000 4392999 51783 1000
S15 2 4393000 4393999 38943 1000
S15 2 4394000 4394999 41885 1000
S15 2 4395000 4395999 45480 1000
S15 2 4396000 4396999 41431 1000
S15 2 4397000 4397999 44865 1000
S15 2 4398000 4398999 52602 1000
S15 2 4399000 4399999 47365 1000
S15 2 4400000 4400999 48800 999
S15 2 4401000 4401999 42020 1000
S15 2 4402000 4402999 42939 998
S15 2 4403000 4403999 41367 1000
S15 2 4404000 4404999 46458 993
S15 2 4405000 4405999 51170 999
S15 2 4406000 4406999 48761 1000
S15 2 4407000 4407999 48946 1000
S15 2 4408000 4408999 44730 1000
S15 2 4409000 4409999 44454 997
S15 2 4410000 4410999 46945 1000
S15 2 4411000 4411999 130 994
S15 2 4412000 4412999 38945 1000
S15 2 4413000 4413999 44403 1000
S15 2 4414000 4414999 45904 1000
S15 2 4415000 4415999 43968 1000
S15 2 4416000 4416999 45883 1000
S15 2 4417000 4417999 42396 1000
S15 2 4418000 4418999 39430 1000
S15 2 4419000 4419999 43261 1000
S15 2 4420000 4420999 42780 1000
S15 2 4421000 4421999 43755 993
S15 2 4422000 4422999 40000 1000
S15 2 4423000 4423999 44825 1000
S15 2 4424000 4424999 44067 1000
S15 2 4425000 4425999 37991 1000
S15 2 4426000 4426999 40555 999
S15 2 4427000 4427999 36882 1000
S15 2 4428000 4428999 48568 997
S15 2 4429000 4429999 44956 1000
S15 2 4430000 4430999 45252 1000
S15 2 4431000 4431999 44349 1000
S15 2 4432000 4432999 43356 1000
S15 2 4433000 4433999 41375 998
S15 2 4434000 4434999 35051 1000
S15 2 4435000 4435999 42097 997
S15 2 4436000 4436999 38314 1000
S15 2 4437000 4437999 39564 1000
S15 2 4438000 4438999 43158 994
S15 2 4439000 4439999 46976 1000
S15 2 4440000 4440999 35375 1000
S15 2 4441000 4441999 41857 1000
S15 2 4442000 4442999 46277 997
S15 2 4443000 4443999 37414 998
S15 2 4444000 4444999 43348 998
S15 2 4445000 4445999 43077 998
S15 2 4446000 4446999 43801 1000
S15 2 4447000 4447999 39508 999
S15 2 4448000 4448999 41744 1000
S15 2 4449000 4449999 64173 1000
S15 2 4450000 4450999 46407 1000
S15 2 4451000 4451999 40365 1000
S15 2 4452000 4452999 45705 996
S15 2 4453000 4453999 44868 993
S15 2 4454000 4454999 49143 999
S15 2 4455000 4455999 50212 1000
S15 2 4456000 4456999 47210 1000
S15 2 4457000 4457999 43721 1000
S15 2 4458000 4458999 32824 1000
S15 2 4459000 4459999 43578 1000
S15 2 4460000 4460999 42627 1000
S15 2 4461000 4461999 50061 993
S15 2 4462000 4462999 32775 999
S15 2 4463000 4463999 38649 1000
S15 2 4464000 4464999 40994 986
S15 2 4465000 4465999 38718 1000
S15 2 4466000 4466999 46227 999
S15 2 4467000 4467999 45340 1000
S15 2 4468000 4468999 49098 998
S15 2 4469000 4469999 20639 1000
S15 2 4470000 4470999 0 1000
S15 2 4471000 4471999 0 999
S15 2 4472000 4472999 27643 999
S15 2 4473000 4473999 37096 997
S15 2 4474000 4474999 36447 994
S15 2 4475000 4475999 45690 1000
S15 2 4476000 4476999 44295 996
S15 2 4477000 4477999 50265 995
S15 2 4478000 4478999 44714 981
S15 2 4479000 4479999 47934 1000
S15 2 4480000 4480999 45174 1000
S15 2 4481000 4481999 42739 988
S15 2 4482000 4482999 40583 1000
S15 2 4483000 4483999 33659 794
S16 2 4355000 4355999 12616 389
S16 2 4356000 4356999 37685 1000
S16 2 4357000 4357999 34272 1000
S16 2 4358000 4358999 37045 1000
S16 2 4359000 4359999 36423 1000
S16 2 4360000 4360999 37971 1000
S16 2 4361000 4361999 35660 1000
S16 2 4362000 4362999 38897 1000
S16 2 4363000 4363999 36107 1000
S16 2 4364000 4364999 33130 999
S16 2 4365000 4365999 35010 999
S16 2 4366000 4366999 31787 1000
S16 2 4367000 4367999 39932 1000
S16 2 4368000 4368999 33873 1000
S16 2 4369000 4369999 37815 1000
S16 2 4370000 4370999 34300 1000
S16 2 4371000 4371999 39480 1000
S16 2 4372000 4372999 35158 1000
S16 2 4373000 4373999 37821 1000
S16 2 4374000 4374999 35468 1000
S16 2 4375000 4375999 34435 1000
S16 2 4376000 4376999 37587 1000
S16 2 4377000 4377999 34190 995
S16 2 4378000 4378999 37122 1000
S16 2 4379000 4379999 37958 1000
S16 2 4380000 4380999 35237 1000
S16 2 4381000 4381999 34423 1000
S16 2 4382000 4382999 39806 1000
S16 2 4383000 4383999 40076 999
S16 2 4384000 4384999 35044 1000
S16 2 4385000 4385999 39447 1000
S16 2 4386000 4386999 35840 999
S16 2 4387000 4387999 38943 1000
S16 2 4388000 4388999 38997 988
S16 2 4389000 4389999 34620 1000
S16 2 4390000 4390999 32117 1000
S16 2 4391000 4391999 35968 1000
S16 2 4392000 4392999 31203 1000
S16 2 4393000 4393999 30604 1000
S16 2 4394000 4394999 33107 1000
S16 2 4395000 4395999 34935 1000
S16 2 4396000 4396999 37644 1000
S16 2 4397000 4397999 37228 1000
S16 2 4398000 4398999 40959 1000
S16 2 4399000 4399999 40377 1000
S16 2 4400000 4400999 33815 999
S16 2 4401000 4401999 35715 1000
S16 2 4402000 4402999 33012 998
S16 2 4403000 4403999 34645 1000
S16 2 4404000 4404999 39406 993
S16 2 4405000 4405999 36164 999
S16 2 4406000 4406999 36384 1000
S16 2 4407000 4407999 34498 1000
S16 2 4408000 4408999 34641 1000
S16 2 4409000 4409999 38336 997
S16 2 4410000 4410999 38322 1000
S16 2 4411000 4411999 712 994
S16 2 4412000 4412999 33253 1000
S16 2 4413000 4413999 39598 1000
S16 2 4414000 4414999 38767 1000
S16 2 4415000 4415999 35834 1000
S16 2 4416000 4416999 37122 1000
S16 2 4417000 4417999 33866 1000
S16 2 4418000 4418999 36129 1000
S16 2 4419000 4419999 35717 1000
S16 2 4420000 4420999 35776 1000
S16 2 4421000 4421999 37765 993
S16 2 4422000 4422999 35653 1000
S16 2 4423000 4423999 40290 1000
S16 2 4424000 4424999 43692 1000
S16 2 4425000 4425999 30856 1000
S16 2 4426000 4426999 40535 999
S16 2 4427000 4427999 35098 1000
S16 2 4428000 4428999 37837 997
S16 2 4429000 4429999 36691 1000
S16 2 4430000 4430999 34870 1000
S16 2 4431000 4431999 33439 1000
S16 2 4432000 4432999 39605 1000
S16 2 4433000 4433999 32006 998
S16 2 4434000 4434999 34279 1000
S16 2 4435000 4435999 35408 997
S16 2 4436000 4436999 39986 1000
S16 2 4437000 4437999 39351 1000
S16 2 4438000 4438999 31720 994
S16 2 4439000 4439999 32578 1000
S16 2 4440000 4440999 35848 1000
S16 2 4441000 4441999 36514 1000
S16 2 4442000 4442999 39116 997
S16 2 4443000 4443999 31301 998
S16 2 4444000 4444999 32915 998
S16 2 4445000 4445999 35224 998
S16 2 4446000 4446999 33766 1000
S16 2 4447000 4447999 31818 999
S16 2 4448000 4448999 37386 1000
S16 2 4449000 4449999 36785 1000
S16 2 4450000 4450999 30503 1000
S16 2 4451000 4451999 29048 1000
S16 2 4452000 4452999 35255 996
S16 2 4453000 4453999 38929 993
S16 2 4454000 4454999 38202 999
S16 2 4455000 4455999 36121 1000
S16 2 4456000 4456999 36585 1000
S16 2 4457000 4457999 35356 1000
S16 2 4458000 4458999 40908 1000
S16 2 4459000 4459999 36786 1000
S16 2 4460000 4460999 29753 1000
S16 2 4461000 4461999 40431 993
S16 2 4462000 4462999 26426 999
S16 2 4463000 4463999 35338 1000
S16 2 4464000 4464999 28983 986
S16 2 4465000 4465999 31304 1000
S16 2 4466000 4466999 39734 999
S16 2 4467000 4467999 37060 1000
S16 2 4468000 4468999 34086 998
S16 2 4469000 4469999 16931 1000
S16 2 4470000 4470999 0 1000
S16 2 4471000 4471999 0 999
S16 2 4472000 4472999 18122 999
S16 2 4473000 4473999 28166 997
S16 2 4474000 4474999 31353 994
S16 2 4475000 4475999 38343 1000
S16 2 4476000 4476999 38445 996
S16 2 4477000 4477999 38054 995
S16 2 4478000 4478999 33469 981
S16 2 4479000 4479999 31715 1000
S16 2 4480000 4480999 39459 1000
S16 2 4481000 4481999 34703 988
S16 2 4482000 4482999 35990 1000
S16 2 4483000 4483999 30558 794
S17 2 4355000 4355999 15938 389
S17 2 4356000 4356999 39352 1000
S17 2 4357000 4357999 43247 1000
S17 2 4358000 4358999 46264 1000
S17 2 4359000 4359999 42511 1000
S17 2 4360000 4360999 40799 1000
S17 2 4361000 4361999 42776 1000
S17 2 4362000 4362999 46870 1000
S17 2 4363000 4363999 49507 1000
S17 2 4364000 4364999 44293 999
S17 2 4365000 4365999 45906 999
S17 2 4366000 4366999 37175 1000
S17 2 4367000 4367999 47090 1000
S17 2 4368000 4368999 40636 1000
S17 2 4369000 4369999 40042 1000
S17 2 4370000 4370999 42152 1000
S17 2 4371000 4371999 44465 1000
S17 2 4372000 4372999 42672 1000
S17 2 4373000 4373999 40788 1000
S17 2 4374000 4374999 45281 1000
S17 2 4375000 4375999 46708 1000
S17 2 4376000 4376999 48292 1000
S17 2 4377000 4377999 46049 995
S17 2 4378000 4378999 48647 1000
S17 2 4379000 4379999 46769 1000
S17 2 4380000 4380999 42832 1000
S17 2 4381000 4381999 46492 1000
S17 2 4382000 4382999 48351 1000
S17 2 4383000 4383999 46222 999
S17 2 4384000 4384999 41883 1000
S17 2 4385000 4385999 38756 1000
S17 2 4386000 4386999 47049 999
S17 2 4387000 4387999 46257 1000
S17 2 4388000 4388999 46681 988
S17 2 4389000 4389999 39449 1000
S17 2 4390000 4390999 42184 1000
S17 2 4391000 4391999 43279 1000
S17 2 4392000 4392999 42700 1000
S17 2 4393000 4393999 42750 1000
S17 2 4394000 4394999 47240 1000
S17 2 4395000 4395999 39112 1000
S17 2 4396000 4396999 44738 1000
S17 2 4397000 4397999 46896 1000
S17 2 4398000 4398999 42140 1000
S17 2 4399000 4399999 48843 1000
S17 2 4400000 4400999 45583 999
S17 2 4401000 4401999 44638 1000
S17 2 4402000 4402999 46606 998
S17 2 4403000 4403999 44698 1000
S17 2 4404000 4404999 51200 993
S17 2 4405000 4405999 42025 999
S17 2 4406000 4406999 38175 1000
S17 2 4407000 4407999 45281 1000
S17 2 4408000 4408999 42396 1000
S17 2 4409000 4409999 39742 997
S17 2 4410000 4410999 43721 1000
S17 2 4411000 4411999 954 994
S17 2 4412000 4412999 34895 1000
S17 2 4413000 4413999 43727 1000
S17 2 4414000 4414999 48426 1000
S17 2 4415000 4415999 48287 1000
S17 2 4416000 4416999 41482 1000
S17 2 4417000 4417999 39540 1000
S17 2 4418000 4418999 47198 1000
S17 2 4419000 4419999 42418 1000
S17 2 4420000 4420999 47417 1000
S17 2 4421000 4421999 45508 993
S17 2 4422000 4422999 44700 1000
S17 2 4423000 4423999 47083 1000
S17 2 4424000 4424999 40633 1000
S17 2 4425000 4425999 45403 1000
S17 2 4426000 4426999 47371 999
S17 2 4427000 4427999 43831 1000
S17 2 4428000 4428999 46819 997
S17 2 4429000 4429999 43962 1000
S17 2 4430000 4430999 41924 1000
S17 2 4431000 4431999 45150 1000
S17 2 4432000 4432999 43788 1000
S17 2 4433000 4433999 40628 998
S17 2 4434000 4434999 40840 1000
S17 2 4435000 4435999 42464 997
S17 2 4436000 4436999 32702 1000
S17 2 4437000 4437999 36246 1000
S17 2 4438000 4438999 31547 994
S17 2 4439000 4439999 32894 1000
S17 2 4440000 4440999 39649 1000
S17 2 4441000 4441999 37971 1000
S17 2 4442000 4442999 44537 997
S17 2 4443000 4443999 28694 998
S17 2 4444000 4444999 37256 998
S17 2 4445000 4445999 43052 998
S17 2 4446000 4446999 39958 1000
S17 2 4447000 4447999 35549 999
S17 2 4448000 4448999 40278 1000
S17 2 4449000 4449999 39690 1000
S17 2 4450000 4450999 39617 1000
S17 2 4451000 4451999 40950 1000
S17 2 4452000 4452999 41460 996
S17 2 4453000 4453999 40250 993
S17 2 4454000 4454999 46813 999
S17 2 4455000 4455999 45519 1000
S17 2 4456000 4456999 38619 1000
S17 2 4457000 4457999 37123 1000
S17 2 4458000 4458999 49656 1000
S17 2 4459000 4459999 45526 1000
S17 2 4460000 4460999 42030 1000
S17 2 4461000 4461999 46253 993
S17 2 4462000 4462999 41076 999
S17 2 4463000 4463999 50654 1000
S17 2 4464000 4464999 47779 986
S17 2 4465000 4465999 53276 1000
S17 2 4466000 4466999 50400 999
S17 2 4467000 4467999 42097 1000
S17 2 4468000 4468999 37339 998
S17 2 4469000 4469999 16320 1000
S17 2 4470000 4470999 0 1000
S17 2 4471000 4471999 18 999
S17 2 4472000 4472999 32529 999
S17 2 4473000 4473999 35754 997
S17 2 4474000 4474999 40703 994
S17 2 4475000 4475999 49277 1000
S17 2 4476000 4476999 47624 996
S17 2 4477000 4477999 42516 995
S17 2 4478000 4478999 41733 981
S17 2 4479000 4479999 44853 1000
S17 2 4480000 4480999 40632 1000
S17 2 4481000 4481999 38468 988
S17 2 4482000 4482999 40970 1000
S17 2 4483000 4483999 33218 794
S18 2 4355000 4355999 8874 389
S18 2 4356000 4356999 34824 1000
S18 2 4357000 4357999 34105 1000
S18 2 4358000 4358999 37648 1000
S18 2 4359000 4359999 36777 1000
S18 2 4360000 4360999 38144 1000
S18 2 4361000 4361999 42533 1000
S18 2 4362000 4362999 35109 1000
S18 2 4363000 4363999 39804 1000
S18 2 4364000 4364999 34847 999
S18 2 4365000 4365999 32280 999
S18 2 4366000 4366999 35474 1000
S18 2 4367000 4367999 32808 1000
S18 2 4368000 4368999 33283 1000
S18 2 4369000 4369999 34026 1000
S18 2 4370000 4370999 35704 1000
S18 2 4371000 4371999 44211 1000
S18 2 4372000 4372999 36158 1000
S18 2 4373000 4373999 33983 1000
S18 2 4374000 4374999 34439 1000
S18 2 4375000 4375999 34404 1000
S18 2 4376000 4376999 35938 1000
S18 2 4377000 4377999 41220 995
S18 2 4378000 4378999 35318 1000
S18 2 4379000 4379999 44253 1000
S18 2 4380000 4380999 40345 1000
S18 2 4381000 4381999 42878 1000
S18 2 4382000 4382999 37860 1000
S18 2 4383000 4383999 36457 999
S18 2 4384000 4384999 36365 1000
S18 2 4385000 4385999 35803 1000
S18 2 4386000 4386999 36311 999
S18 2 4387000 4387999 40517 1000
S18 2 4388000 4388999 39953 988
S18 2 4389000 4389999 31892 1000
S18 2 4390000 4390999 32062 1000
S18 2 4391000 4391999 33200 1000
S18 2 4392000 4392999 30485 1000
S18 2 4393000 4393999 30765 1000
S18 2 4394000 4394999 36239 1000
S18 2 4395000 4395999 33183 1000
S18 2 4396000 4396999 40377 1000
S18 2 4397000 4397999 41087 1000
S18 2 4398000 4398999 38930 1000
S18 2 4399000 4399999 38333 1000
S18 2 4400000 4400999 35231 999
S18 2 4401000 4401999 31374 1000
S18 2 4402000 4402999 34037 998
S18 2 4403000 4403999 32902 1000
S18 2 4404000 4404999 31557 993
S18 2 4405000 4405999 34373 999
S18 2 4406000 4406999 28523 1000
S18 2 4407000 4407999 29952 1000
S18 2 4408000 4408999 33272 1000
S18 2 4409000 4409999 33363 997
S18 2 4410000 4410999 35890 1000
S18 2 4411000 4411999 264 994
S18 2 4412000 4412999 32410 1000
S18 2 4413000 4413999 34877 1000
S18 2 4414000 4414999 42023 1000
S18 2 4415000 4415999 39965 1000
S18 2 4416000 4416999 38059 1000
S18 2 4417000 4417999 35269 1000
S18 2 4418000 4418999 36163 1000
S18 2 4419000 4419999 38741 1000
S18 2 4420000 4420999 36672 1000
S18 2 4421000 4421999 41963 993
S18 2 4422000 4422999 39005 1000
S18 2 4423000 4423999 44765 1000
S18 2 4424000 4424999 36055 1000
S18 2 4425000 4425999 41659 1000
S18 2 4426000 4426999 40170 999
S18 2 4427000 4427999 39460 1000
S18 2 4428000 4428999 32346 997
S18 2 4429000 4429999 38359 1000
S18 2 4430000 4430999 38418 1000
S18 2 4431000 4431999 33428 1000
S18 2 4432000 4432999 36205 1000
S18 2 4433000 4433999 36929 998
S18 2 4434000 4434999 36493 1000
S18 2 4435000 4435999 35673 997
S18 2 4436000 4436999 36042 1000
S18 2 4437000 4437999 32307 1000
S18 2 4438000 4438999 33301 994
S18 2 4439000 4439999 36987 1000
S18 2 4440000 4440999 35101 1000
S18 2 4441000 4441999 36398 1000
S18 2 4442000 4442999 37918 997
S18 2 4443000 4443999 21814 998
S18 2 4444000 4444999 33557 998
S18 2 4445000 4445999 33397 998
S18 2 4446000 4446999 35044 1000
S18 2 4447000 4447999 27173 999
S18 2 4448000 4448999 25573 1000
S18 2 4449000 4449999 31591 1000
S18 2 4450000 4450999 26565 1000
S18 2 4451000 4451999 30263 1000
S18 2 4452000 4452999 32648 996
S18 2 4453000 4453999 30663 993
S18 2 4454000 4454999 36172 999
S18 2 4455000 4455999 35042 1000
S18 2 4456000 4456999 30787 1000
S18 2 4457000 4457999 32458 1000
S18 2 4458000 4458999 38547 1000
S18 2 4459000 4459999 39746 1000
S18 2 4460000 4460999 33232 1000
S18 2 4461000 4461999 42739 993
S18 2 4462000 4462999 29648 999
S18 2 4463000 4463999 38279 1000
S18 2 4464000 4464999 27648 986
S18 2 4465000 4465999 34761 1000
S18 2 4466000 4466999 40549 999
S18 2 4467000 4467999 32008 1000
S18 2 4468000 4468999 33850 998
S18 2 4469000 4469999 18214 1000
S18 2 4470000 4470999 0 1000
S18 2 4471000 4471999 0 999
S18 2 4472000 4472999 25513 999
S18 2 4473000 4473999 32724 997
S18 2 4474000 4474999 36753 994
S18 2 4475000 4475999 37669 1000
S18 2 4476000 4476999 35158 996
S18 2 4477000 4477999 38099 995
S18 2 4478000 4478999 38580 981
S18 2 4479000 4479999 35432 1000
S18 2 4480000 4480999 34607 1000
S18 2 4481000 4481999 35576 988
S18 2 4482000 4482999 33136 1000
S18 2 4483000 4483999 32298 794
S19 2 4355000 4355999 14361 389
S19 2 4356000 4356999 46286 1000
S19 2 4357000 4357999 49368 1000
S19 2 4358000 4358999 55173 1000
S19 2 4359000 4359999 48443 1000
S19 2 4360000 4360999 48954 1000
S19 2 4361000 4361999 53296 1000
S19 2 4362000 4362999 49774 1000
S19 2 4363000 4363999 52021 1000
S19 2 4364000 4364999 57463 999
S19 2 4365000 4365999 51847 999
S19 2 4366000 4366999 45703 1000
S19 2 4367000 4367999 51836 1000
S19 2 4368000 4368999 51348 1000
S19 2 4369000 4369999 48835 1000
S19 2 4370000 4370999 46667 1000
S19 2 4371000 4371999 52160 1000
S19 2 4372000 4372999 47341 1000
S19 2 4373000 4373999 49404 1000
S19 2 4374000 4374999 46183 1000
S19 2 4375000 4375999 48295 1000
S19 2 4376000 4376999 53272 1000
S19 2 4377000 4377999 53817 995
S19 2 4378000 4378999 51705 1000
S19 2 4379000 4379999 50595 1000
S19 2 4380000 4380999 47239 1000
S19 2 4381000 4381999 45368 1000
S19 2 4382000 4382999 46581 1000
S19 2 4383000 4383999 50123 999
S19 2 4384000 4384999 42187 1000
S19 2 4385000 4385999 55664 1000
S19 2 4386000 4386999 38109 999
S19 2 4387000 4387999 48787 1000
S19 2 4388000 4388999 48970 988
S19 2 4389000 4389999 48451 1000
S19 2 4390000 4390999 47639 1000
S19 2 4391000 4391999 48455 1000
S19 2 4392000 4392999 53298 1000
S19 2 4393000 4393999 44319 1000
S19 2 4394000 4394999 47316 1000
S19 2 4395000 4395999 44777 1000
S19 2 4396000 4396999 46424 1000
S19 2 4397000 4397999 48304 1000
S19 2 4398000 4398999 50308 1000
S19 2 4399000 4399999 49718 1000
S19 2 4400000 4400999 48251 999
S19 2 4401000 4401999 48583 1000
S19 2 4402000 4402999 48505 998
S19 2 4403000 4403999 42885 1000
S19 2 4404000 4404999 49503 993
S19 2 4405000 4405999 44568 999
S19 2 4406000 4406999 61021 1000
S19 2 4407000 4407999 48697 1000
S19 2 4408000 4408999 44732 1000
S19 2 4409000 4409999 59040 997
S19 2 4410000 4410999 51211 1000
S19 2 4411000 4411999 870 994
S19 2 4412000 4412999 39941 1000
S19 2 4413000 4413999 49281 1000
S19 2 4414000 4414999 47899 1000
S19 2 4415000 4415999 53876 1000
S19 2 4416000 4416999 43255 1000
S19 2 4417000 4417999 45209 1000
S19 2 4418000 4418999 52249 1000
S19 2 4419000 4419999 46607 1000
S19 2 4420000 4420999 55602 1000
S19 2 4421000 4421999 53158 993
S19 2 4422000 4422999 51746 1000
S19 2 4423000 4423999 55284 1000
S19 2 4424000 4424999 44545 1000
S19 2 4425000 4425999 47390 1000
S19 2 4426000 4426999 49125 999
S19 2 4427000 4427999 49588 1000
S19 2 4428000 4428999 48892 997
S19 2 4429000 4429999 50252 1000
S19 2 4430000 4430999 45050 1000
S19 2 4431000 4431999 40476 1000
S19 2 4432000 4432999 53641 1000
S19 2 4433000 4433999 44781 998
S19 2 4434000 4434999 29533 1000
S19 2 4435000 4435999 49795 997
S19 2 4436000 4436999 42698 1000
S19 2 4437000 4437999 48907 1000
S19 2 4438000 4438999 37286 994
S19 2 4439000 4439999 42301 1000
S19 2 4440000 4440999 41282 1000
S19 2 4441000 4441999 33402 1000
S19 2 4442000 4442999 48441 997
S19 2 4443000 4443999 36239 998
S19 2 4444000 4444999 47132 998
S19 2 4445000 4445999 50421 998
S19 2 4446000 4446999 47317 1000
S19 2 4447000 4447999 47716 999
S19 2 4448000 4448999 45953 1000
S19 2 4449000 4449999 52531 1000
S19 2 4450000 4450999 46115 1000
S19 2 4451000 4451999 42945 1000
S19 2 4452000 4452999 48162 996
S19 2 4453000 4453999 54381 993
S19 2 4454000 4454999 50656 999
S19 2 4455000 4455999 54489 1000
S19 2 4456000 4456999 44465 1000
S19 2 4457000 4457999 45843 1000
S19 2 4458000 4458999 46390 1000
S19 2 4459000 4459999 52410 1000
S19 2 4460000 4460999 35333 1000
S19 2 4461000 4461999 45434 993
S19 2 4462000 4462999 40251 999
S19 2 4463000 4463999 50820 1000
S19 2 4464000 4464999 51173 986
S19 2 4465000 4465999 49008 1000
S19 2 4466000 4466999 37072 999
S19 2 4467000 4467999 42501 1000
S19 2 4468000 4468999 47509 998
S19 2 4469000 4469999 27433 1000
S19 2 4470000 4470999 0 1000
S19 2 4471000 4471999 63 999
S19 2 4472000 4472999 29678 999
S19 2 4473000 4473999 38725 997
S19 2 4474000 4474999 34398 994
S19 2 4475000 4475999 50040 1000
S19 2 4476000 4476999 49565 996
S19 2 4477000 4477999 48701 995
S19 2 4478000 4478999 50115 981
S19 2 4479000 4479999 50403 1000
S19 2 4480000 4480999 46042 1000
S19 2 4481000 4481999 44421 988
S19 2 4482000 4482999 52852 1000
S19 2 4483000 4483999 43512 794
S2 2 4355000 4355999 14935 389
S2 2 4356000 4356999 35679 1000
S2 2 4357000 4357999 41354 1000
S2 2 4358000 4358999 48185 1000
S2 2 4359000 4359999 40652 1000
S2 2 4360000 4360999 41475 1000
S2 2 4361000 4361999 40738 1000
S2 2 4362000 4362999 42257 1000
S2 2 4363000 4363999 44001 1000
S2 2 4364000 4364999 37379 999
S2 2 4365000 4365999 40201 999
S2 2 4366000 4366999 39844 1000
S2 2 4367000 4367999 39751 1000
S2 2 4368000 4368999 43775 1000
S2 2 4369000 4369999 39093 1000
S2 2 4370000 4370999 37439 1000
S2 2 4371000 4371999 41495 1000
S2 2 4372000 4372999 37915 1000
S2 2 4373000 4373999 39515 1000
S2 2 4374000 4374999 38909 1000
S2 2 4375000 4375999 39974 1000
S2 2 4376000 4376999 41826 1000
S2 2 4377000 4377999 39053 995
S2 2 4378000 4378999 42838 1000
S2 2 4379000 4379999 39534 1000
S2 2 4380000 4380999 41731 1000
S2 2 4381000 4381999 38136 1000
S2 2 4382000 4382999 43676 1000
S2 2 4383000 4383999 41571 999
S2 2 4384000 4384999 38993 1000
S2 2 4385000 4385999 38252 1000
S2 2 4386000 4386999 40366 999
S2 2 4387000 4387999 41155 1000
S2 2 4388000 4388999 45962 988
S2 2 4389000 4389999 42678 1000
S2 2 4390000 4390999 46884 1000
S2 2 4391000 4391999 41384 1000
S2 2 4392000 4392999 38357 1000
S2 2 4393000 4393999 41456 1000
S2 2 4394000 4394999 44289 1000
S2 2 4395000 4395999 40386 1000
S2 2 4396000 4396999 42585 1000
S2 2 4397000 4397999 41429 1000
S2 2 4398000 4398999 41182 1000
S2 2 4399000 4399999 44517 1000
S2 2 4400000 4400999 43486 999
S2 2 4401000 4401999 40035 1000
S2 2 4402000 4402999 44816 998
S2 2 4403000 4403999 45715 1000
S2 2 4404000 4404999 42029 993
S2 2 4405000 4405999 40780 999
S2 2 4406000 4406999 40306 1000
S2 2 4407000 4407999 42066 1000
S2 2 4408000 4408999 43958 1000
S2 2 4409000 4409999 41921 997
S2 2 4410000 4410999 38564 1000
S2 2 4411000 4411999 6869 994
S2 2 4412000 4412999 37294 1000
S2 2 4413000 4413999 41397 1000
S2 2 4414000 4414999 42094 1000
S2 2 4415000 4415999 40104 1000
S2 2 4416000 4416999 43429 1000
S2 2 4417000 4417999 41742 1000
S2 2 4418000 4418999 42969 1000
S2 2 4419000 4419999 39850 1000
S2 2 4420000 4420999 40358 1000
S2 2 4421000 4421999 38019 993
S2 2 4422000 4422999 42275 1000
S2 2 4423000 4423999 37628 1000
S2 2 4424000 4424999 38722 1000
S2 2 4425000 4425999 40098 1000
S2 2 4426000 4426999 43369 999
S2 2 4427000 4427999 38718 1000
S2 2 4428000 4428999 50452 997
S2 2 4429000 4429999 44899 1000
S2 2 4430000 4430999 45394 1000
S2 2 4431000 4431999 46493 1000
S2 2 4432000 4432999 39864 1000
S2 2 4433000 4433999 39611 998
S2 2 4434000 4434999 38035 1000
S2 2 4435000 4435999 39489 997
S2 2 4436000 4436999 43250 1000
S2 2 4437000 4437999 46111 1000
S2 2 4438000 4438999 39667 994
S2 2 4439000 4439999 44174 1000
S2 2 4440000 4440999 44030 1000
S2 2 4441000 4441999 43152 1000
S2 2 4442000 4442999 36199 997
S2 2 4443000 4443999 39395 998
S2 2 4444000 4444999 39418 998
S2 2 4445000 4445999 42313 998
S2 2 4446000 4446999 40020 1000
S2 2 4447000 4447999 42744 999
S2 2 4448000 4448999 38637 1000
S2 2 4449000 4449999 45498 1000
S2 2 4450000 4450999 44459 1000
S2 2 4451000 4451999 45725 1000
S2 2 4452000 4452999 46598 996
S2 2 4453000 4453999 36804 993
S2 2 4454000 4454999 41529 999
S2 2 4455000 4455999 41071 1000
S2 2 4456000 4456999 42427 1000
S2 2 4457000 4457999 38276 1000
S2 2 4458000 4458999 41170 1000
S2 2 4459000 4459999 46015 1000
S2 2 4460000 4460999 41539 1000
S2 2 4461000 4461999 45076 993
S2 2 4462000 4462999 42889 999
S2 2 4463000 4463999 42964 1000
S2 2 4464000 4464999 41102 986
S2 2 4465000 4465999 40148 1000
S2 2 4466000 4466999 49454 999
S2 2 4467000 4467999 74208 1000
S2 2 4468000 4468999 82949 998
S2 2 4469000 4469999 21904 1000
S2 2 4470000 4470999 0 1000
S2 2 4471000 4471999 0 999
S2 2 4472000 4472999 34555 999
S2 2 4473000 4473999 41024 997
S2 2 4474000 4474999 36307 994
S2 2 4475000 4475999 39044 1000
S2 2 4476000 4476999 44532 996
S2 2 4477000 4477999 43708 995
S2 2 4478000 4478999 43722 981
S2 2 4479000 4479999 43421 1000
S2 2 4480000 4480999 43938 1000
S2 2 4481000 4481999 45244 988
S2 2 4482000 4482999 41641 1000
S2 2 4483000 4483999 35240 794
S20 2 4355000 4355999 14062 389
S20 2 4356000 4356999 42661 1000
S20 2 4357000 4357999 49411 1000
S20 2 4358000 4358999 52625 1000
S20 2 4359000 4359999 53169 1000
S20 2 4360000 4360999 48837 1000
S20 2 4361000 4361999 54172 1000
S20 2 4362000 4362999 49997 1000
S20 2 4363000 4363999 45881 1000
S20 2 4364000 4364999 44521 999
S20 2 4365000 4365999 48845 999
S20 2 4366000 4366999 51024 1000
S20 2 4367000 4367999 47663 1000
S20 2 4368000 4368999 49079 1000
S20 2 4369000 4369999 51189 1000
S20 2 4370000 4370999 48724 1000
S20 2 4371000 4371999 51658 1000
S20 2 4372000 4372999 45464 1000
S20 2 4373000 4373999 46041 1000
S20 2 4374000 4374999 44054 1000
S20 2 4375000 4375999 49867 1000
S20 2 4376000 4376999 50391 1000
S20 2 4377000 4377999 50645 995
S20 2 4378000 4378999 46402 1000
S20 2 4379000 4379999 47756 1000
S20 2 4380000 4380999 51953 1000
S20 2 4381000 4381999 46027 1000
S20 2 4382000 4382999 47391 1000
S20 2 4383000 4383999 44547 999
S20 2 4384000 4384999 42729 1000
S20 2 4385000 4385999 48578 1000
S20 2 4386000 4386999 44934 999
S20 2 4387000 4387999 51319 1000
S20 2 4388000 4388999 49343 988
S20 2 4389000 4389999 51492 1000
S20 2 4390000 4390999 46455 1000
S20 2 4391000 4391999 48442 1000
S20 2 4392000 4392999 50181 1000
S20 2 4393000 4393999 44102 1000
S20 2 4394000 4394999 47415 1000
S20 2 4395000 4395999 51140 1000
S20 2 4396000 4396999 47526 1000
S20 2 4397000 4397999 47410 1000
S20 2 4398000 4398999 48154 1000
S20 2 4399000 4399999 43520 1000
S20 2 4400000 4400999 46875 999
S20 2 4401000 4401999 48383 1000
S20 2 4402000 4402999 49818 998
S20 2 4403000 4403999 47804 1000
S20 2 4404000 4404999 43227 993
S20 2 4405000 4405999 47604 999
S20 2 4406000 4406999 47357 1000
S20 2 4407000 4407999 44568 1000
S20 2 4408000 4408999 43249 1000
S20 2 4409000 4409999 55216 997
S20 2 4410000 4410999 45260 1000
S20 2 4411000 4411999 541 994
S20 2 4412000 4412999 42636 1000
S20 2 4413000 4413999 55630 1000
S20 2 4414000 4414999 45492 1000
S20 2 4415000 4415999 43956 1000
S20 2 4416000 4416999 46659 1000
S20 2 4417000 4417999 46533 1000
S20 2 4418000 4418999 44919 1000
S20 2 4419000 4419999 50195 1000
S20 2 4420000 4420999 52175 1000
S20 2 4421000 4421999 43479 993
S20 2 4422000 4422999 41538 1000
S20 2 4423000 4423999 45364 1000
S20 2 4424000 4424999 48760 1000
S20 2 4425000 4425999 43508 1000
S20 2 4426000 4426999 46281 999
S20 2 4427000 4427999 46756 1000
S20 2 4428000 4428999 42157 997
S20 2 4429000 4429999 51444 1000
S20 2 4430000 4430999 51420 1000
S20 2 4431000 4431999 51328 1000
S20 2 4432000 4432999 53500 1000
S20 2 4433000 4433999 41816 998
S20 2 4434000 4434999 36333 1000
S20 2 4435000 4435999 44446 997
S20 2 4436000 4436999 52144 1000
S20 2 4437000 4437999 48761 1000
S20 2 4438000 4438999 36671 994
S20 2 4439000 4439999 44209 1000
S20 2 4440000 4440999 45514 1000
S20 2 4441000 4441999 46279 1000
S20 2 4442000 4442999 41995 997
S20 2 4443000 4443999 56980 998
S20 2 4444000 4444999 44926 998
S20 2 4445000 4445999 48042 998
S20 2 4446000 4446999 48317 1000
S20 2 4447000 4447999 49381 999
S20 2 4448000 4448999 50302 1000
S20 2 4449000 4449999 50242 1000
S20 2 4450000 4450999 43811 1000
S20 2 4451000 4451999 51733 1000
S20 2 4452000 4452999 46778 996
S20 2 4453000 4453999 52788 993
S20 2 4454000 4454999 49018 999
S20 2 4455000 4455999 51724 1000
S20 2 4456000 4456999 57813 1000
S20 2 4457000 4457999 48640 1000
S20 2 4458000 4458999 41640 1000
S20 2 4459000 4459999 52349 1000
S20 2 4460000 4460999 41458 1000
S20 2 4461000 4461999 47454 993
S20 2 4462000 4462999 38849 999
S20 2 4463000 4463999 44484 1000
S20 2 4464000 4464999 42987 986
S20 2 4465000 4465999 59242 1000
S20 2 4466000 4466999 50879 999
S20 2 4467000 4467999 42640 1000
S20 2 4468000 4468999 45442 998
S20 2 4469000 4469999 31073 1000
S20 2 4470000 4470999 0 1000
S20 2 4471000 4471999 0 999
S20 2 4472000 4472999 39159 999
S20 2 4473000 4473999 46096 997
S20 2 4474000 4474999 46820 994
S20 2 4475000 4475999 50188 1000
S20 2 4476000 4476999 52951 996
S20 2 4477000 4477999 50370 995
S20 2 4478000 4478999 41870 981
S20 2 4479000 4479999 41473 1000
S20 2 4480000 4480999 50491 1000
S20 2 4481000 4481999 45005 988
S20 2 4482000 4482999 52681 1000
S20 2 4483000 4483999 46771 794
S21 2 4355000 4355999 18188 389
S21 2 4356000 4356999 48852 1000
S21 2 4357000 4357999 49045 1000
S21 2 4358000 4358999 58639 1000
S21 2 4359000 4359999 46875 1000
S21 2 4360000 4360999 48529 1000
S21 2 4361000 4361999 54947 1000
S21 2 4362000 4362999 56153 1000
S21 2 4363000 4363999 60761 1000
S21 2 4364000 4364999 53707 999
S21 2 4365000 4365999 56587 999
S21 2 4366000 4366999 52033 1000
S21 2 4367000 4367999 50883 1000
S21 2 4368000 4368999 48662 1000
S21 2 4369000 4369999 44565 1000
S21 2 4370000 4370999 47697 1000
S21 2 4371000 4371999 49004 1000
S21 2 4372000 4372999 49515 1000
S21 2 4373000 4373999 53311 1000
S21 2 4374000 4374999 56516 1000
S21 2 4375000 4375999 56105 1000
S21 2 4376000 4376999 53185 1000
S21 2 4377000 4377999 52487 995
S21 2 4378000 4378999 51895 1000
S21 2 4379000 4379999 57315 1000
S21 2 4380000 4380999 50127 1000
S21 2 4381000 4381999 53766 1000
S21 2 4382000 4382999 49905 1000
S21 2 4383000 4383999 46052 999
S21 2 4384000 4384999 48737 1000
S21 2 4385000 4385999 49579 1000
S21 2 4386000 4386999 52587 999
S21 2 4387000 4387999 55293 1000
S21 2 4388000 4388999 50846 988
S21 2 4389000 4389999 51398 1000
S21 2 4390000 4390999 46361 1000
S21 2 4391000 4391999 55396 1000
S21 2 4392000 4392999 53183 1000
S21 2 4393000 4393999 52449 1000
S21 2 4394000 4394999 55100 1000
S21 2 4395000 4395999 52500 1000
S21 2 4396000 4396999 50050 1000
S21 2 4397000 4397999 49734 1000
S21 2 4398000 4398999 57162 1000
S21 2 4399000 4399999 52280 1000
S21 2 4400000 4400999 53597 999
S21 2 4401000 4401999 48420 1000
S21 2 4402000 4402999 56221 998
S21 2 4403000 4403999 56197 1000
S21 2 4404000 4404999 51792 993
S21 2 4405000 4405999 57505 999
S21 2 4406000 4406999 48938 1000
S21 2 4407000 4407999 49867 1000
S21 2 4408000 4408999 50171 1000
S21 2 4409000 4409999 48722 997
S21 2 4410000 4410999 57264 1000
S21 2 4411000 4411999 1928 994
S21 2 4412000 4412999 39381 1000
S21 2 4413000 4413999 53728 1000
S21 2 4414000 4414999 48403 1000
S21 2 4415000 4415999 57394 1000
S21 2 4416000 4416999 54200 1000
S21 2 4417000 4417999 49901 1000
S21 2 4418000 4418999 51852 1000
S21 2 4419000 4419999 55246 1000
S21 2 4420000 4420999 51882 1000
S21 2 4421000 4421999 54181 993
S21 2 4422000 4422999 52753 1000
S21 2 4423000 4423999 53705 1000
S21 2 4424000 4424999 58833 1000
S21 2 4425000 4425999 52047 1000
S21 2 4426000 4426999 60733 999
S21 2 4427000 4427999 52398 1000
S21 2 4428000 4428999 60525 997
S21 2 4429000 4429999 53480 1000
S21 2 4430000 4430999 54119 1000
S21 2 4431000 4431999 55877 1000
S21 2 4432000 4432999 55780 1000
S21 2 4433000 4433999 50279 998
S21 2 4434000 4434999 36087 1000
S21 2 4435000 4435999 47816 997
S21 2 4436000 4436999 46436 1000
S21 2 4437000 4437999 45990 1000
S21 2 4438000 4438999 52057 994
S21 2 4439000 4439999 46828 1000
S21 2 4440000 4440999 49407 1000
S21 2 4441000 4441999 38552 1000
S21 2 4442000 4442999 48655 997
S21 2 4443000 4443999 37998 998
S21 2 4444000 4444999 46130 998
S21 2 4445000 4445999 46103 998
S21 2 4446000 4446999 49164 1000
S21 2 4447000 4447999 47484 999
S21 2 4448000 4448999 42915 1000
S21 2 4449000 4449999 47814 1000
S21 2 4450000 4450999 43592 1000
S21 2 4451000 4451999 38746 1000
S21 2 4452000 4452999 45533 996
S21 2 4453000 4453999 48807 993
S21 2 4454000 4454999 62053 999
S21 2 4455000 4455999 52142 1000
S21 2 4456000 4456999 39637 1000
S21 2 4457000 4457999 43559 1000
S21 2 4458000 4458999 53073 1000
S21 2 4459000 4459999 52976 1000
S21 2 4460000 4460999 43584 1000
S21 2 4461000 4461999 45863 993
S21 2 4462000 4462999 60837 999
S21 2 4463000 4463999 62193 1000
S21 2 4464000 4464999 54442 986
S21 2 4465000 4465999 54522 1000
S21 2 4466000 4466999 56403 999
S21 2 4467000 4467999 51780 1000
S21 2 4468000 4468999 49422 998
S21 2 4469000 4469999 27304 1000
S21 2 4470000 4470999 0 1000
S21 2 4471000 4471999 0 999
S21 2 4472000 4472999 40704 999
S21 2 4473000 4473999 59142 997
S21 2 4474000 4474999 48512 994
S21 2 4475000 4475999 59607 1000
S21 2 4476000 4476999 53453 996
S21 2 4477000 4477999 52380 995
S21 2 4478000 4478999 54128 981
S21 2 4479000 4479999 51885 1000
S21 2 4480000 4480999 52974 1000
S21 2 4481000 4481999 42811 988
S21 2 4482000 4482999 54317 1000
S21 2 4483000 4483999 36210 794
S22 2 4355000 4355999 11180 389
S22 2 4356000 4356999 29925 1000
S22 2 4357000 4357999 32280 1000
S22 2 4358000 4358999 31399 1000
S22 2 4359000 4359999 32942 1000
S22 2 4360000 4360999 31489 1000
S22 2 4361000 4361999 35084 1000
S22 2 4362000 4362999 34268 1000
S22 2 4363000 4363999 37414 1000
S22 2 4364000 4364999 39529 999
S22 2 4365000 4365999 32965 999
S22 2 4366000 4366999 25705 1000
S22 2 4367000 4367999 31511 1000
S22 2 4368000 4368999 31964 1000
S22 2 4369000 4369999 34644 1000
S22 2 4370000 4370999 26515 1000
S22 2 4371000 4371999 35514 1000
S22 2 4372000 4372999 33534 1000
S22 2 4373000 4373999 31740 1000
S22 2 4374000 4374999 36206 1000
S22 2 4375000 4375999 36724 1000
S22 2 4376000 4376999 37999 1000
S22 2 4377000 4377999 37400 995
S22 2 4378000 4378999 41164 1000
S22 2 4379000 4379999 43533 1000
S22 2 4380000 4380999 44910 1000
S22 2 4381000 4381999 45245 1000
S22 2 4382000 4382999 32515 1000
S22 2 4383000 4383999 38070 999
S22 2 4384000 4384999 26147 1000
S22 2 4385000 4385999 31335 1000
S22 2 4386000 4386999 29569 999
S22 2 4387000 4387999 34955 1000
S22 2 4388000 4388999 31520 988
S22 2 4389000 4389999 30446 1000
S22 2 4390000 4390999 26032 1000
S22 2 4391000 4391999 33896 1000
S22 2 4392000 4392999 27032 1000
S22 2 4393000 4393999 19521 1000
S22 2 4394000 4394999 19734 1000
S22 2 4395000 4395999 38747 1000
S22 2 4396000 4396999 39377 1000
S22 2 4397000 4397999 27227 1000
S22 2 4398000 4398999 32955 1000
S22 2 4399000 4399999 35007 1000
S22 2 4400000 4400999 34070 999
S22 2 4401000 4401999 32940 1000
S22 2 4402000 4402999 32593 998
S22 2 4403000 4403999 29879 1000
S22 2 4404000 4404999 39970 993
S22 2 4405000 4405999 23398 999
S22 2 4406000 4406999 27156 1000
S22 2 4407000 4407999 31612 1000
S22 2 4408000 4408999 31165 1000
S22 2 4409000 4409999 29197 997
S22 2 4410000 4410999 27537 1000
S22 2 4411000 4411999 1110 994
S22 2 4412000 4412999 25508 1000
S22 2 4413000 4413999 27733 1000
S22 2 4414000 4414999 41997 1000
S22 2 4415000 4415999 33170 1000
S22 2 4416000 4416999 24570 1000
S22 2 4417000 4417999 43215 1000
S22 2 4418000 4418999 39833 1000
S22 2 4419000 4419999 31086 1000
S22 2 4420000 4420999 39695 1000
S22 2 4421000 4421999 42693 993
S22 2 4422000 4422999 49986 1000
S22 2 4423000 4423999 45877 1000
S22 2 4424000 4424999 38968 1000
S22 2 4425000 4425999 35732 1000
S22 2 4426000 4426999 49357 999
S22 2 4427000 4427999 44151 1000
S22 2 4428000 4428999 25161 997
S22 2 4429000 4429999 28473 1000
S22 2 4430000 4430999 34547 1000
S22 2 4431000 4431999 35145 1000
S22 2 4432000 4432999 38048 1000
S22 2 4433000 4433999 29624 998
S22 2 4434000 4434999 12565 1000
S22 2 4435000 4435999 24724 997
S22 2 4436000 4436999 23945 1000
S22 2 4437000 4437999 26654 1000
S22 2 4438000 4438999 20448 994
S22 2 4439000 4439999 28396 1000
S22 2 4440000 4440999 23640 1000
S22 2 4441000 4441999 24059 1000
S22 2 4442000 4442999 28830 997
S22 2 4443000 4443999 23147 998
S22 2 4444000 4444999 21558 998
S22 2 4445000 4445999 31834 998
S22 2 4446000 4446999 34459 1000
S22 2 4447000 4447999 20451 999
S22 2 4448000 4448999 19283 1000
S22 2 4449000 4449999 26023 1000
S22 2 4450000 4450999 26274 1000
S22 2 4451000 4451999 23068 1000
S22 2 4452000 4452999 32553 996
S22 2 4453000 4453999 26118 993
S22 2 4454000 4454999 27192 999
S22 2 4455000 4455999 30597 1000
S22 2 4456000 4456999 22798 1000
S22 2 4457000 4457999 24584 1000
S22 2 4458000 4458999 27419 1000
S22 2 4459000 4459999 25413 1000
S22 2 4460000 4460999 25181 1000
S22 2 4461000 4461999 27668 993
S22 2 4462000 4462999 25941 999
S22 2 4463000 4463999 34030 1000
S22 2 4464000 4464999 34453 986
S22 2 4465000 4465999 21696 1000
S22 2 4466000 4466999 22668 999
S22 2 4467000 4467999 28329 1000
S22 2 4468000 4468999 28735 998
S22 2 4469000 4469999 13198 1000
S22 2 4470000 4470999 0 1000
S22 2 4471000 4471999 0 999
S22 2 4472000 4472999 10400 999
S22 2 4473000 4473999 28724 997
S22 2 4474000 4474999 23362 994
S22 2 4475000 4475999 32674 1000
S22 2 4476000 4476999 30622 996
S22 2 4477000 4477999 30260 995
S22 2 4478000 4478999 31449 981
S22 2 4479000 4479999 32273 1000
S22 2 4480000 4480999 27925 1000
S22 2 4481000 4481999 26035 988
S22 2 4482000 4482999 27124 1000
S22 2 4483000 4483999 22576 794
S3 2 4355000 4355999 14204 389
S3 2 4356000 4356999 47128 1000
S3 2 4357000 4357999 49272 1000
S3 2 4358000 4358999 58722 1000
S3 2 4359000 4359999 51551 1000
S3 2 4360000 4360999 54032 1000
S3 2 4361000 4361999 56005 1000
S3 2 4362000 4362999 53936 1000
S3 2 4363000 4363999 56101 1000
S3 2 4364000 4364999 50607 999
S3 2 4365000 4365999 55924 999
S3 2 4366000 4366999 50570 1000
S3 2 4367000 4367999 56961 1000
S3 2 4368000 4368999 54570 1000
S3 2 4369000 4369999 46224 1000
S3 2 4370000 4370999 58020 1000
S3 2 4371000 4371999 65683 1000
S3 2 4372000 4372999 57761 1000
S3 2 4373000 4373999 55339 1000
S3 2 4374000 4374999 52705 1000
S3 2 4375000 4375999 50787 1000
S3 2 4376000 4376999 52696 1000
S3 2 4377000 4377999 62144 995
S3 2 4378000 4378999 50213 1000
S3 2 4379000 4379999 54457 1000
S3 2 4380000 4380999 57444 1000
S3 2 4381000 4381999 58037 1000
S3 2 4382000 4382999 58043 1000
S3 2 4383000 4383999 53504 999
S3 2 4384000 4384999 57952 1000
S3 2 4385000 4385999 52680 1000
S3 2 4386000 4386999 52656 999
S3 2 4387000 4387999 55952 1000
S3 2 4388000 4388999 50833 988
S3 2 4389000 4389999 54298 1000
S3 2 4390000 4390999 52495 1000
S3 2 4391000 4391999 50595 1000
S3 2 4392000 4392999 47577 1000
S3 2 4393000 4393999 45678 1000
S3 2 4394000 4394999 51974 1000
S3 2 4395000 4395999 49997 1000
S3 2 4396000 4396999 51581 1000
S3 2 4397000 4397999 50244 1000
S3 2 4398000 4398999 50945 1000
S3 2 4399000 4399999 58775 1000
S3 2 4400000 4400999 58545 999
S3 2 4401000 4401999 56651 1000
S3 2 4402000 4402999 59523 998
S3 2 4403000 4403999 49934 1000
S3 2 4404000 4404999 54086 993
S3 2 4405000 4405999 52801 999
S3 2 4406000 4406999 50048 1000
S3 2 4407000 4407999 43505 1000
S3 2 4408000 4408999 55877 1000
S3 2 4409000 4409999 48970 997
S3 2 4410000 4410999 53846 1000
S3 2 4411000 4411999 1504 994
S3 2 4412000 4412999 48209 1000
S3 2 4413000 4413999 58885 1000
S3 2 4414000 4414999 54568 1000
S3 2 4415000 4415999 54597 1000
S3 2 4416000 4416999 57211 1000
S3 2 4417000 4417999 58474 1000
S3 2 4418000 4418999 52483 1000
S3 2 4419000 4419999 57095 1000
S3 2 4420000 4420999 55419 1000
S3 2 4421000 4421999 53462 993
S3 2 4422000 4422999 52901 1000
S3 2 4423000 4423999 54790 1000
S3 2 4424000 4424999 55685 1000
S3 2 4425000 4425999 60029 1000
S3 2 4426000 4426999 57991 999
S3 2 4427000 4427999 48576 1000
S3 2 4428000 4428999 52357 997
S3 2 4429000 4429999 48564 1000
S3 2 4430000 4430999 44108 1000
S3 2 4431000 4431999 46633 1000
S3 2 4432000 4432999 51975 1000
S3 2 4433000 4433999 38477 998
S3 2 4434000 4434999 38184 1000
S3 2 4435000 4435999 53038 997
S3 2 4436000 4436999 50742 1000
S3 2 4437000 4437999 55141 1000
S3 2 4438000 4438999 57397 994
S3 2 4439000 4439999 58338 1000
S3 2 4440000 4440999 52928 1000
S3 2 4441000 4441999 54580 1000
S3 2 4442000 4442999 55506 997
S3 2 4443000 4443999 48834 998
S3 2 4444000 4444999 45901 998
S3 2 4445000 4445999 42899 998
S3 2 4446000 4446999 46186 1000
S3 2 4447000 4447999 42449 999
S3 2 4448000 4448999 48268 1000
S3 2 4449000 4449999 53437 1000
S3 2 4450000 4450999 41633 1000
S3 2 4451000 4451999 59862 1000
S3 2 4452000 4452999 44241 996
S3 2 4453000 4453999 38425 993
S3 2 4454000 4454999 45495 999
S3 2 4455000 4455999 55035 1000
S3 2 4456000 4456999 54844 1000
S3 2 4457000 4457999 49640 1000
S3 2 4458000 4458999 68040 1000
S3 2 4459000 4459999 50655 1000
S3 2 4460000 4460999 48344 1000
S3 2 4461000 4461999 56356 993
S3 2 4462000 4462999 57242 999
S3 2 4463000 4463999 61501 1000
S3 2 4464000 4464999 51281 986
S3 2 4465000 4465999 66027 1000
S3 2 4466000 4466999 65883 999
S3 2 4467000 4467999 60789 1000
S3 2 4468000 4468999 55848 998
S3 2 4469000 4469999 22258 1000
S3 2 4470000 4470999 0 1000
S3 2 4471000 4471999 0 999
S3 2 4472000 4472999 30540 999
S3 2 4473000 4473999 52126 997
S3 2 4474000 4474999 57964 994
S3 2 4475000 4475999 51066 1000
S3 2 4476000 4476999 53159 996
S3 2 4477000 4477999 47052 995
S3 2 4478000 4478999 39677 981
S3 2 4479000 4479999 61334 1000
S3 2 4480000 4480999 48932 1000
S3 2 4481000 4481999 48811 988
S3 2 4482000 4482999 54519 1000
S3 2 4483000 4483999 36055 794
S4 2 4355000 4355999 15196 389
S4 2 4356000 4356999 43835 1000
S4 2 4357000 4357999 39945 1000
S4 2 4358000 4358999 49938 1000
S4 2 4359000 4359999 48753 1000
S4 2 4360000 4360999 45631 1000
S4 2 4361000 4361999 41633 1000
S4 2 4362000 4362999 47814 1000
S4 2 4363000 4363999 46580 1000
S4 2 4364000 4364999 40011 999
S4 2 4365000 4365999 51017 999
S4 2 4366000 4366999 38252 1000
S4 2 4367000 4367999 41294 1000
S4 2 4368000 4368999 44793 1000
S4 2 4369000 4369999 41918 1000
S4 2 4370000 4370999 39033 1000
S4 2 4371000 4371999 44103 1000
S4 2 4372000 4372999 42539 1000
S4 2 4373000 4373999 43083 1000
S4 2 4374000 4374999 41375 1000
S4 2 4375000 4375999 52250 1000
S4 2 4376000 4376999 48250 1000
S4 2 4377000 4377999 44361 995
S4 2 4378000 4378999 45504 1000
S4 2 4379000 4379999 41703 1000
S4 2 4380000 4380999 44377 1000
S4 2 4381000 4381999 45190 1000
S4 2 4382000 4382999 45425 1000
S4 2 4383000 4383999 48958 999
S4 2 4384000 4384999 41114 1000
S4 2 4385000 4385999 40988 1000
S4 2 4386000 4386999 45539 999
S4 2 4387000 4387999 41926 1000
S4 2 4388000 4388999 42206 988
S4 2 4389000 4389999 43715 1000
S4 2 4390000 4390999 39521 1000
S4 2 4391000 4391999 45266 1000
S4 2 4392000 4392999 41057 1000
S4 2 4393000 4393999 37433 1000
S4 2 4394000 4394999 43484 1000
S4 2 4395000 4395999 42796 1000
S4 2 4396000 4396999 45564 1000
S4 2 4397000 4397999 43048 1000
S4 2 4398000 4398999 45799 1000
S4 2 4399000 4399999 42042 1000
S4 2 4400000 4400999 45961 999
S4 2 4401000 4401999 48358 1000
S4 2 4402000 4402999 45794 998
S4 2 4403000 4403999 46647 1000
S4 2 4404000 4404999 42953 993
S4 2 4405000 4405999 32698 999
S4 2 4406000 4406999 45528 1000
S4 2 4407000 4407999 42297 1000
S4 2 4408000 4408999 46138 1000
S4 2 4409000 4409999 44151 997
S4 2 4410000 4410999 42845 1000
S4 2 4411000 4411999 2477 994
S4 2 4412000 4412999 31534 1000
S4 2 4413000 4413999 41906 1000
S4 2 4414000 4414999 43821 1000
S4 2 4415000 4415999 41019 1000
S4 2 4416000 4416999 44188 1000
S4 2 4417000 4417999 42349 1000
S4 2 4418000 4418999 38368 1000
S4 2 4419000 4419999 37072 1000
S4 2 4420000 4420999 42779 1000
S4 2 4421000 4421999 43062 993
S4 2 4422000 4422999 47851 1000
S4 2 4423000 4423999 41136 1000
S4 2 4424000 4424999 38217 1000
S4 2 4425000 4425999 39517 1000
S4 2 4426000 4426999 49863 999
S4 2 4427000 4427999 47904 1000
S4 2 4428000 4428999 37788 997
S4 2 4429000 4429999 44410 1000
S4 2 4430000 4430999 44828 1000
S4 2 4431000 4431999 40063 1000
S4 2 4432000 4432999 44022 1000
S4 2 4433000 4433999 43773 998
S4 2 4434000 4434999 30855 1000
S4 2 4435000 4435999 39967 997
S4 2 4436000 4436999 36424 1000
S4 2 4437000 4437999 45620 1000
S4 2 4438000 4438999 36969 994
S4 2 4439000 4439999 38731 1000
S4 2 4440000 4440999 40822 1000
S4 2 4441000 4441999 36605 1000
S4 2 4442000 4442999 42985 997
S4 2 4443000 4443999 31552 998
S4 2 4444000 4444999 40229 998
S4 2 4445000 4445999 42443 998
S4 2 4446000 4446999 39965 1000
S4 2 4447000 4447999 39833 999
S4 2 4448000 4448999 46737 1000
S4 2 4449000 4449999 47173 1000
S4 2 4450000 4450999 42282 1000
S4 2 4451000 4451999 28129 1000
S4 2 4452000 4452999 42779 996
S4 2 4453000 4453999 40610 993
S4 2 4454000 4454999 40022 999
S4 2 4455000 4455999 41245 1000
S4 2 4456000 4456999 34932 1000
S4 2 4457000 4457999 38419 1000
S4 2 4458000 4458999 35738 1000
S4 2 4459000 4459999 38553 1000
S4 2 4460000 4460999 39617 1000
S4 2 4461000 4461999 37217 993
S4 2 4462000 4462999 46315 999
S4 2 4463000 4463999 39774 1000
S4 2 4464000 4464999 41304 986
S4 2 4465000 4465999 38564 1000
S4 2 4466000 4466999 42945 999
S4 2 4467000 4467999 41073 1000
S4 2 4468000 4468999 36912 998
S4 2 4469000 4469999 18571 1000
S4 2 4470000 4470999 0 1000
S4 2 4471000 4471999 42 999
S4 2 4472000 4472999 31264 999
S4 2 4473000 4473999 36860 997
S4 2 4474000 4474999 28356 994
S4 2 4475000 4475999 43315 1000
S4 2 4476000 4476999 46545 996
S4 2 4477000 4477999 39795 995
S4 2 4478000 4478999 41841 981
S4 2 4479000 4479999 40857 1000
S4 2 4480000 4480999 42507 1000
S4 2 4481000 4481999 41214 988
S4 2 4482000 4482999 42935 1000
S4 2 4483000 4483999 35563 794
S5 2 4355000 4355999 12905 389
S5 2 4356000 4356999 44620 1000
S5 2 4357000 4357999 45402 1000
S5 2 4358000 4358999 43880 1000
S5 2 4359000 4359999 39671 1000
S5 2 4360000 4360999 42576 1000
S5 2 4361000 4361999 42700 1000
S5 2 4362000 4362999 47475 1000
S5 2 4363000 4363999 47675 1000
S5 2 4364000 4364999 39688 999
S5 2 4365000 4365999 50188 999
S5 2 4366000 4366999 39859 1000
S5 2 4367000 4367999 46675 1000
S5 2 4368000 4368999 44850 1000
S5 2 4369000 4369999 42112 1000
S5 2 4370000 4370999 37987 1000
S5 2 4371000 4371999 46577 1000
S5 2 4372000 4372999 43088 1000
S5 2 4373000 4373999 44455 1000
S5 2 4374000 4374999 43605 1000
S5 2 4375000 4375999 42447 1000
S5 2 4376000 4376999 43643 1000
S5 2 4377000 4377999 38829 995
S5 2 4378000 4378999 40813 1000
S5 2 4379000 4379999 43431 1000
S5 2 4380000 4380999 38879 1000
S5 2 4381000 4381999 38832 1000
S5 2 4382000 4382999 45426 1000
S5 2 4383000 4383999 44295 999
S5 2 4384000 4384999 37021 1000
S5 2 4385000 4385999 41659 1000
S5 2 4386000 4386999 51100 999
S5 2 4387000 4387999 43843 1000
S5 2 4388000 4388999 43783 988
S5 2 4389000 4389999 38352 1000
S5 2 4390000 4390999 37221 1000
S5 2 4391000 4391999 40289 1000
S5 2 4392000 4392999 43687 1000
S5 2 4393000 4393999 44218 1000
S5 2 4394000 4394999 55806 1000
S5 2 4395000 4395999 40610 1000
S5 2 4396000 4396999 41515 1000
S5 2 4397000 4397999 43771 1000
S5 2 4398000 4398999 45303 1000
S5 2 4399000 4399999 40024 1000
S5 2 4400000 4400999 41670 999
S5 2 4401000 4401999 42056 1000
S5 2 4402000 4402999 39094 998
S5 2 4403000 4403999 45417 1000
S5 2 4404000 4404999 41554 993
S5 2 4405000 4405999 38565 999
S5 2 4406000 4406999 39860 1000
S5 2 4407000 4407999 41084 1000
S5 2 4408000 4408999 45394 1000
S5 2 4409000 4409999 45357 997
S5 2 4410000 4410999 45195 1000
S5 2 4411000 4411999 0 994
S5 2 4412000 4412999 40788 1000
S5 2 4413000 4413999 48504 1000
S5 2 4414000 4414999 42855 1000
S5 2 4415000 4415999 41789 1000
S5 2 4416000 4416999 45995 1000
S5 2 4417000 4417999 46250 1000
S5 2 4418000 4418999 41209 1000
S5 2 4419000 4419999 43191 1000
S5 2 4420000 4420999 40648 1000
S5 2 4421000 4421999 39270 993
S5 2 4422000 4422999 39471 1000
S5 2 4423000 4423999 45556 1000
S5 2 4424000 4424999 41127 1000
S5 2 4425000 4425999 47653 1000
S5 2 4426000 4426999 37657 999
S5 2 4427000 4427999 40102 1000
S5 2 4428000 4428999 45906 997
S5 2 4429000 4429999 44041 1000
S5 2 4430000 4430999 45243 1000
S5 2 4431000 4431999 45597 1000
S5 2 4432000 4432999 46851 1000
S5 2 4433000 4433999 40918 998
S5 2 4434000 4434999 34315 1000
S5 2 4435000 4435999 41734 997
S5 2 4436000 4436999 47313 1000
S5 2 4437000 4437999 38103 1000
S5 2 4438000 4438999 37111 994
S5 2 4439000 4439999 45228 1000
S5 2 4440000 4440999 39760 1000
S5 2 4441000 4441999 38734 1000
S5 2 4442000 4442999 44087 997
S5 2 4443000 4443999 31180 998
S5 2 4444000 4444999 38757 998
S5 2 4445000 4445999 49697 998
S5 2 4446000 4446999 41699 1000
S5 2 4447000 4447999 43142 999
S5 2 4448000 4448999 38272 1000
S5 2 4449000 4449999 40999 1000
S5 2 4450000 4450999 43393 1000
S5 2 4451000 4451999 39038 1000
S5 2 4452000 4452999 41226 996
S5 2 4453000 4453999 42433 993
S5 2 4454000 4454999 43769 999
S5 2 4455000 4455999 48236 1000
S5 2 4456000 4456999 45333 1000
S5 2 4457000 4457999 36452 1000
S5 2 4458000 4458999 44996 1000
S5 2 4459000 4459999 41590 1000
S5 2 4460000 4460999 43631 1000
S5 2 4461000 4461999 39213 993
S5 2 4462000 4462999 34036 999
S5 2 4463000 4463999 40911 1000
S5 2 4464000 4464999 35721 986
S5 2 4465000 4465999 45254 1000
S5 2 4466000 4466999 46230 999
S5 2 4467000 4467999 41308 1000
S5 2 4468000 4468999 42389 998
S5 2 4469000 4469999 18807 1000
S5 2 4470000 4470999 0 1000
S5 2 4471000 4471999 0 999
S5 2 4472000 4472999 25598 999
S5 2 4473000 4473999 38265 997
S5 2 4474000 4474999 31126 994
S5 2 4475000 4475999 42790 1000
S5 2 4476000 4476999 45667 996
S5 2 4477000 4477999 42103 995
S5 2 4478000 4478999 48442 981
S5 2 4479000 4479999 40999 1000
S5 2 4480000 4480999 40164 1000
S5 2 4481000 4481999 32569 988
S5 2 4482000 4482999 41836 1000
S5 2 4483000 4483999 37643 794
S6 2 4355000 4355999 13460 389
S6 2 4356000 4356999 45649 1000
S6 2 4357000 4357999 49633 1000
S6 2 4358000 4358999 49696 1000
S6 2 4359000 4359999 46332 1000
S6 2 4360000 4360999 42009 1000
S6 2 4361000 4361999 41775 1000
S6 2 4362000 4362999 40979 1000
S6 2 4363000 4363999 49748 1000
S6 2 4364000 4364999 50099 999
S6 2 4365000 4365999 54413 999
S6 2 4366000 4366999 42378 1000
S6 2 4367000 4367999 48567 1000
S6 2 4368000 4368999 44842 1000
S6 2 4369000 4369999 44012 1000
S6 2 4370000 4370999 44671 1000
S6 2 4371000 4371999 48588 1000
S6 2 4372000 4372999 46447 1000
S6 2 4373000 4373999 44332 1000
S6 2 4374000 4374999 43549 1000
S6 2 4375000 4375999 51688 1000
S6 2 4376000 4376999 43141 1000
S6 2 4377000 4377999 42292 995
S6 2 4378000 4378999 43146 1000
S6 2 4379000 4379999 45215 1000
S6 2 4380000 4380999 46315 1000
S6 2 4381000 4381999 47266 1000
S6 2 4382000 4382999 44607 1000
S6 2 4383000 4383999 43554 999
S6 2 4384000 4384999 46033 1000
S6 2 4385000 4385999 45849 1000
S6 2 4386000 4386999 42921 999
S6 2 4387000 4387999 46233 1000
S6 2 4388000 4388999 48509 988
S6 2 4389000 4389999 48703 1000
S6 2 4390000 4390999 44387 1000
S6 2 4391000 4391999 47416 1000
S6 2 4392000 4392999 47531 1000
S6 2 4393000 4393999 39695 1000
S6 2 4394000 4394999 43661 1000
S6 2 4395000 4395999 40613 1000
S6 2 4396000 4396999 40644 1000
S6 2 4397000 4397999 46091 1000
S6 2 4398000 4398999 49380 1000
S6 2 4399000 4399999 48237 1000
S6 2 4400000 4400999 44943 999
S6 2 4401000 4401999 45933 1000
S6 2 4402000 4402999 47475 998
S6 2 4403000 4403999 38046 1000
S6 2 4404000 4404999 42712 993
S6 2 4405000 4405999 43892 999
S6 2 4406000 4406999 47679 1000
S6 2 4407000 4407999 47156 1000
S6 2 4408000 4408999 47154 1000
S6 2 4409000 4409999 42675 997
S6 2 4410000 4410999 43716 1000
S6 2 4411000 4411999 2765 994
S6 2 4412000 4412999 37885 1000
S6 2 4413000 4413999 47735 1000
S6 2 4414000 4414999 44267 1000
S6 2 4415000 4415999 47847 1000
S6 2 4416000 4416999 40707 1000
S6 2 4417000 4417999 44032 1000
S6 2 4418000 4418999 49208 1000
S6 2 4419000 4419999 44470 1000
S6 2 4420000 4420999 40490 1000
S6 2 4421000 4421999 44711 993
S6 2 4422000 4422999 46142 1000
S6 2 4423000 4423999 48118 1000
S6 2 4424000 4424999 42803 1000
S6 2 4425000 4425999 48661 1000
S6 2 4426000 4426999 44493 999
S6 2 4427000 4427999 42082 1000
S6 2 4428000 4428999 50160 997
S6 2 4429000 4429999 45114 1000
S6 2 4430000 4430999 42954 1000
S6 2 4431000 4431999 42366 1000
S6 2 4432000 4432999 47382 1000
S6 2 4433000 4433999 44111 998
S6 2 4434000 4434999 33432 1000
S6 2 4435000 4435999 47875 997
S6 2 4436000 4436999 46725 1000
S6 2 4437000 4437999 43587 1000
S6 2 4438000 4438999 37152 994
S6 2 4439000 4439999 44015 1000
S6 2 4440000 4440999 50219 1000
S6 2 4441000 4441999 46831 1000
S6 2 4442000 4442999 41737 997
S6 2 4443000 4443999 41611 998
S6 2 4444000 4444999 42506 998
S6 2 4445000 4445999 50872 998
S6 2 4446000 4446999 45854 1000
S6 2 4447000 4447999 38644 999
S6 2 4448000 4448999 47486 1000
S6 2 4449000 4449999 45214 1000
S6 2 4450000 4450999 44785 1000
S6 2 4451000 4451999 48277 1000
S6 2 4452000 4452999 39219 996
S6 2 4453000 4453999 51555 993
S6 2 4454000 4454999 46022 999
S6 2 4455000 4455999 44772 1000
S6 2 4456000 4456999 37608 1000
S6 2 4457000 4457999 41592 1000
S6 2 4458000 4458999 37527 1000
S6 2 4459000 4459999 46095 1000
S6 2 4460000 4460999 40107 1000
S6 2 4461000 4461999 45293 993
S6 2 4462000 4462999 48403 999
S6 2 4463000 4463999 46620 1000
S6 2 4464000 4464999 43067 986
S6 2 4465000 4465999 53592 1000
S6 2 4466000 4466999 47461 999
S6 2 4467000 4467999 49609 1000
S6 2 4468000 4468999 49208 998
S6 2 4469000 4469999 26024 1000
S6 2 4470000 4470999 0 1000
S6 2 4471000 4471999 0 999
S6 2 4472000 4472999 28162 999
S6 2 4473000 4473999 36182 997
S6 2 4474000 4474999 33644 994
S6 2 4475000 4475999 48506 1000
S6 2 4476000 4476999 36440 996
S6 2 4477000 4477999 38950 995
S6 2 4478000 4478999 41599 981
S6 2 4479000 4479999 38764 1000
S6 2 4480000 4480999 43453 1000
S6 2 4481000 4481999 41424 988
S6 2 4482000 4482999 50775 1000
S6 2 4483000 4483999 39842 794
S7 2 4355000 4355999 8964 389
S7 2 4356000 4356999 34091 1000
S7 2 4357000 4357999 31458 1000
S7 2 4358000 4358999 35733 1000
S7 2 4359000 4359999 32801 1000
S7 2 4360000 4360999 32322 1000
S7 2 4361000 4361999 33637 1000
S7 2 4362000 4362999 31742 1000
S7 2 4363000 4363999 34339 1000
S7 2 4364000 4364999 32603 999
S7 2 4365000 4365999 30444 999
S7 2 4366000 4366999 26689 1000
S7 2 4367000 4367999 28880 1000
S7 2 4368000 4368999 29699 1000
S7 2 4369000 4369999 31438 1000
S7 2 4370000 4370999 27792 1000
S7 2 4371000 4371999 32688 1000
S7 2 4372000 4372999 33300 1000
S7 2 4373000 4373999 34712 1000
S7 2 4374000 4374999 24912 1000
S7 2 4375000 4375999 33870 1000
S7 2 4376000 4376999 31156 1000
S7 2 4377000 4377999 29543 995
S7 2 4378000 4378999 33366 1000
S7 2 4379000 4379999 36432 1000
S7 2 4380000 4380999 34597 1000
S7 2 4381000 4381999 37719 1000
S7 2 4382000 4382999 30920 1000
S7 2 4383000 4383999 28972 999
S7 2 4384000 4384999 28320 1000
S7 2 4385000 4385999 33891 1000
S7 2 4386000 4386999 27293 999
S7 2 4387000 4387999 37336 1000
S7 2 4388000 4388999 34339 988
S7 2 4389000 4389999 34795 1000
S7 2 4390000 4390999 29536 1000
S7 2 4391000 4391999 32013 1000
S7 2 4392000 4392999 20882 1000
S7 2 4393000 4393999 28774 1000
S7 2 4394000 4394999 30693 1000
S7 2 4395000 4395999 33313 1000
S7 2 4396000 4396999 34597 1000
S7 2 4397000 4397999 29024 1000
S7 2 4398000 4398999 30464 1000
S7 2 4399000 4399999 34959 1000
S7 2 4400000 4400999 36138 999
S7 2 4401000 4401999 30502 1000
S7 2 4402000 4402999 30810 998
S7 2 4403000 4403999 32808 1000
S7 2 4404000 4404999 37198 993
S7 2 4405000 4405999 25558 999
S7 2 4406000 4406999 32377 1000
S7 2 4407000 4407999 32483 1000
S7 2 4408000 4408999 31341 1000
S7 2 4409000 4409999 37331 997
S7 2 4410000 4410999 31497 1000
S7 2 4411000 4411999 540 994
S7 2 4412000 4412999 26195 1000
S7 2 4413000 4413999 39700 1000
S7 2 4414000 4414999 38464 1000
S7 2 4415000 4415999 35545 1000
S7 2 4416000 4416999 28237 1000
S7 2 4417000 4417999 31249 1000
S7 2 4418000 4418999 41481 1000
S7 2 4419000 4419999 31785 1000
S7 2 4420000 4420999 33334 1000
S7 2 4421000 4421999 35180 993
S7 2 4422000 4422999 37182 1000
S7 2 4423000 4423999 33075 1000
S7 2 4424000 4424999 34245 1000
S7 2 4425000 4425999 37286 1000
S7 2 4426000 4426999 32392 999
S7 2 4427000 4427999 31493 1000
S7 2 4428000 4428999 33319 997
S7 2 4429000 4429999 27232 1000
S7 2 4430000 4430999 34969 1000
S7 2 4431000 4431999 25484 1000
S7 2 4432000 4432999 37179 1000
S7 2 4433000 4433999 35006 998
S7 2 4434000 4434999 21838 1000
S7 2 4435000 4435999 25260 997
S7 2 4436000 4436999 25782 1000
S7 2 4437000 4437999 28589 1000
S7 2 4438000 4438999 23813 994
S7 2 4439000 4439999 29282 1000
S7 2 4440000 4440999 28557 1000
S7 2 4441000 4441999 21473 1000
S7 2 4442000 4442999 27912 997
S7 2 4443000 4443999 26883 998
S7 2 4444000 4444999 25306 998
S7 2 4445000 4445999 34922 998
S7 2 4446000 4446999 32679 1000
S7 2 4447000 4447999 32078 999
S7 2 4448000 4448999 27941 1000
S7 2 4449000 4449999 29728 1000
S7 2 4450000 4450999 31679 1000
S7 2 4451000 4451999 18431 1000
S7 2 4452000 4452999 29045 996
S7 2 4453000 4453999 33416 993
S7 2 4454000 4454999 25847 999
S7 2 4455000 4455999 29949 1000
S7 2 4456000 4456999 37994 1000
S7 2 4457000 4457999 23114 1000
S7 2 4458000 4458999 29038 1000
S7 2 4459000 4459999 30964 1000
S7 2 4460000 4460999 20564 1000
S7 2 4461000 4461999 32643 993
S7 2 4462000 4462999 26697 999
S7 2 4463000 4463999 30644 1000
S7 2 4464000 4464999 24054 986
S7 2 4465000 4465999 31736 1000
S7 2 4466000 4466999 29035 999
S7 2 4467000 4467999 30533 1000
S7 2 4468000 4468999 32942 998
S7 2 4469000 4469999 17627 1000
S7 2 4470000 4470999 0 1000
S7 2 4471000 4471999 0 999
S7 2 4472000 4472999 13798 999
S7 2 4473000 4473999 29427 997
S7 2 4474000 4474999 20380 994
S7 2 4475000 4475999 29611 1000
S7 2 4476000 4476999 33821 996
S7 2 4477000 4477999 30143 995
S7 2 4478000 4478999 22046 981
S7 2 4479000 4479999 26538 1000
S7 2 4480000 4480999 30441 1000
S7 2 4481000 4481999 22709 988
S7 2 4482000 4482999 33505 1000
S7 2 4483000 4483999 22854 794
S8 2 4355000 4355999 15745 389
S8 2 4356000 4356999 49114 1000
S8 2 4357000 4357999 54045 1000
S8 2 4358000 4358999 54528 1000
S8 2 4359000 4359999 51535 1000
S8 2 4360000 4360999 45127 1000
S8 2 4361000 4361999 53554 1000
S8 2 4362000 4362999 46155 1000
S8 2 4363000 4363999 51731 1000
S8 2 4364000 4364999 49581 999
S8 2 4365000 4365999 49873 999
S8 2 4366000 4366999 47750 1000
S8 2 4367000 4367999 51258 1000
S8 2 4368000 4368999 41389 1000
S8 2 4369000 4369999 43013 1000
S8 2 4370000 4370999 48142 1000
S8 2 4371000 4371999 50868 1000
S8 2 4372000 4372999 44047 1000
S8 2 4373000 4373999 44633 1000
S8 2 4374000 4374999 50787 1000
S8 2 4375000 4375999 53446 1000
S8 2 4376000 4376999 54350 1000
S8 2 4377000 4377999 47514 995
S8 2 4378000 4378999 47561 1000
S8 2 4379000 4379999 42645 1000
S8 2 4380000 4380999 50346 1000
S8 2 4381000 4381999 49549 1000
S8 2 4382000 4382999 50821 1000
S8 2 4383000 4383999 45542 999
S8 2 4384000 4384999 44839 1000
S8 2 4385000 4385999 53565 1000
S8 2 4386000 4386999 46302 999
S8 2 4387000 4387999 47752 1000
S8 2 4388000 4388999 50312 988
S8 2 4389000 4389999 47752 1000
S8 2 4390000 4390999 49557 1000
S8 2 4391000 4391999 51178 1000
S8 2 4392000 4392999 53248 1000
S8 2 4393000 4393999 49297 1000
S8 2 4394000 4394999 60182 1000
S8 2 4395000 4395999 46162 1000
S8 2 4396000 4396999 48045 1000
S8 2 4397000 4397999 47396 1000
S8 2 4398000 4398999 50157 1000
S8 2 4399000 4399999 44655 1000
S8 2 4400000 4400999 50751 999
S8 2 4401000 4401999 46524 1000
S8 2 4402000 4402999 52207 998
S8 2 4403000 4403999 48293 1000
S8 2 4404000 4404999 50289 993
S8 2 4405000 4405999 50823 999
S8 2 4406000 4406999 57591 1000
S8 2 4407000 4407999 57366 1000
S8 2 4408000 4408999 50295 1000
S8 2 4409000 4409999 50058 997
S8 2 4410000 4410999 49597 1000
S8 2 4411000 4411999 1462 994
S8 2 4412000 4412999 40782 1000
S8 2 4413000 4413999 46004 1000
S8 2 4414000 4414999 45796 1000
S8 2 4415000 4415999 48588 1000
S8 2 4416000 4416999 55099 1000
S8 2 4417000 4417999 41821 1000
S8 2 4418000 4418999 53553 1000
S8 2 4419000 4419999 54277 1000
S8 2 4420000 4420999 48328 1000
S8 2 4421000 4421999 49782 993
S8 2 4422000 4422999 51937 1000
S8 2 4423000 4423999 48879 1000
S8 2 4424000 4424999 47316 1000
S8 2 4425000 4425999 44727 1000
S8 2 4426000 4426999 47967 999
S8 2 4427000 4427999 43087 1000
S8 2 4428000 4428999 49134 997
S8 2 4429000 4429999 46344 1000
S8 2 4430000 4430999 50884 1000
S8 2 4431000 4431999 46915 1000
S8 2 4432000 4432999 46848 1000
S8 2 4433000 4433999 49756 998
S8 2 4434000 4434999 43933 1000
S8 2 4435000 4435999 45127 997
S8 2 4436000 4436999 47691 1000
S8 2 4437000 4437999 52800 1000
S8 2 4438000 4438999 50353 994
S8 2 4439000 4439999 47619 1000
S8 2 4440000 4440999 44716 1000
S8 2 4441000 4441999 40670 1000
S8 2 4442000 4442999 53261 997
S8 2 4443000 4443999 48745 998
S8 2 4444000 4444999 49699 998
S8 2 4445000 4445999 52877 998
S8 2 4446000 4446999 49915 1000
S8 2 4447000 4447999 47022 999
S8 2 4448000 4448999 54856 1000
S8 2 4449000 4449999 54921 1000
S8 2 4450000 4450999 47287 1000
S8 2 4451000 4451999 44820 1000
S8 2 4452000 4452999 47333 996
S8 2 4453000 4453999 45426 993
S8 2 4454000 4454999 43221 999
S8 2 4455000 4455999 48772 1000
S8 2 4456000 4456999 55352 1000
S8 2 4457000 4457999 48007 1000
S8 2 4458000 4458999 56016 1000
S8 2 4459000 4459999 53511 1000
S8 2 4460000 4460999 35777 1000
S8 2 4461000 4461999 49055 993
S8 2 4462000 4462999 43896 999
S8 2 4463000 4463999 46022 1000
S8 2 4464000 4464999 43494 986
S8 2 4465000 4465999 58896 1000
S8 2 4466000 4466999 54549 999
S8 2 4467000 4467999 51706 1000
S8 2 4468000 4468999 56014 998
S8 2 4469000 4469999 24724 1000
S8 2 4470000 4470999 0 1000
S8 2 4471000 4471999 22 999
S8 2 4472000 4472999 36011 999
S8 2 4473000 4473999 44115 997
S8 2 4474000 4474999 36772 994
S8 2 4475000 4475999 47472 1000
S8 2 4476000 4476999 50225 996
S8 2 4477000 4477999 53505 995
S8 2 4478000 4478999 50621 981
S8 2 4479000 4479999 49537 1000
S8 2 4480000 4480999 50742 1000
S8 2 4481000 4481999 41474 988
S8 2 4482000 4482999 53607 1000
S8 2 4483000 4483999 41202 794
S9 2 4355000 4355999 13743 389
S9 2 4356000 4356999 47988 1000
S9 2 4357000 4357999 52744 1000
S9 2 4358000 4358999 54622 1000
S9 2 4359000 4359999 51963 1000
S9 2 4360000 4360999 47927 1000
S9 2 4361000 4361999 49082 1000
S9 2 4362000 4362999 45379 1000
S9 2 4363000 4363999 50420 1000
S9 2 4364000 4364999 49538 999
S9 2 4365000 4365999 56084 999
S9 2 4366000 4366999 55160 1000
S9 2 4367000 4367999 58685 1000
S9 2 4368000 4368999 51559 1000
S9 2 4369000 4369999 49599 1000
S9 2 4370000 4370999 46762 1000
S9 2 4371000 4371999 47877 1000
S9 2 4372000 4372999 39049 1000
S9 2 4373000 4373999 47158 1000
S9 2 4374000 4374999 42906 1000
S9 2 4375000 4375999 48171 1000
S9 2 4376000 4376999 49182 1000
S9 2 4377000 4377999 51413 995
S9 2 4378000 4378999 43421 1000
S9 2 4379000 4379999 46129 1000
S9 2 4380000 4380999 53496 1000
S9 2 4381000 4381999 48730 1000
S9 2 4382000 4382999 46600 1000
S9 2 4383000 4383999 53259 999
S9 2 4384000 4384999 46794 1000
S9 2 4385000 4385999 47553 1000
S9 2 4386000 4386999 44327 999
S9 2 4387000 4387999 55099 1000
S9 2 4388000 4388999 56401 988
S9 2 4389000 4389999 47606 1000
S9 2 4390000 4390999 46255 1000
S9 2 4391000 4391999 46669 1000
S9 2 4392000 4392999 54237 1000
S9 2 4393000 4393999 47316 1000
S9 2 4394000 4394999 52044 1000
S9 2 4395000 4395999 48525 1000
S9 2 4396000 4396999 48609 1000
S9 2 4397000 4397999 52530 1000
S9 2 4398000 4398999 46061 1000
S9 2 4399000 4399999 52551 1000
S9 2 4400000 4400999 51215 999
S9 2 4401000 4401999 49487 1000
S9 2 4402000 4402999 47481 998
S9 2 4403000 4403999 46173 1000
S9 2 4404000 4404999 55865 993
S9 2 4405000 4405999 44116 999
S9 2 4406000 4406999 59000 1000
S9 2 4407000 4407999 54071 1000
S9 2 4408000 4408999 50108 1000
S9 2 4409000 4409999 47986 997
S9 2 4410000 4410999 50775 1000
S9 2 4411000 4411999 0 994
S9 2 4412000 4412999 39135 1000
S9 2 4413000 4413999 49899 1000
S9 2 4414000 4414999 48593 1000
S9 2 4415000 4415999 54581 1000
S9 2 4416000 4416999 46906 1000
S9 2 4417000 4417999 46727 1000
S9 2 4418000 4418999 51104 1000
S9 2 4419000 4419999 50970 1000
S9 2 4420000 4420999 43646 1000
S9 2 4421000 4421999 48225 993
S9 2 4422000 4422999 44186 1000
S9 2 4423000 4423999 40208 1000
S9 2 4424000 4424999 44894 1000
S9 2 4425000 4425999 47767 1000
S9 2 4426000 4426999 46528 999
S9 2 4427000 4427999 46453 1000
S9 2 4428000 4428999 51443 997
S9 2 4429000 4429999 47214 1000
S9 2 4430000 4430999 54582 1000
S9 2 4431000 4431999 51508 1000
S9 2 4432000 4432999 49175 1000
S9 2 4433000 4433999 49197 998
S9 2 4434000 4434999 46894 1000
S9 2 4435000 4435999 49394 997
S9 2 4436000 4436999 59887 1000
S9 2 4437000 4437999 49248 1000
S9 2 4438000 4438999 47081 994
S9 2 4439000 4439999 47929 1000
S9 2 4440000 4440999 53765 1000
S9 2 4441000 4441999 50966 1000
S9 2 4442000 4442999 51086 997
S9 2 4443000 4443999 44690 998
S9 2 4444000 4444999 46859 998
S9 2 4445000 4445999 45317 998
S9 2 4446000 4446999 41565 1000
S9 2 4447000 4447999 43025 999
S9 2 4448000 4448999 50997 1000
S9 2 4449000 4449999 55122 1000
S9 2 4450000 4450999 47202 1000
S9 2 4451000 4451999 49708 1000
S9 2 4452000 4452999 51190 996
S9 2 4453000 4453999 56522 993
S9 2 4454000 4454999 54036 999
S9 2 4455000 4455999 54155 1000
S9 2 4456000 4456999 65790 1000
S9 2 4457000 4457999 44878 1000
S9 2 4458000 4458999 46955 1000
S9 2 4459000 4459999 52572 1000
S9 2 4460000 4460999 45255 1000
S9 2 4461000 4461999 52476 993
S9 2 4462000 4462999 35966 999
S9 2 4463000 4463999 55951 1000
S9 2 4464000 4464999 52095 986
S9 2 4465000 4465999 50039 1000
S9 2 4466000 4466999 59630 999
S9 2 4467000 4467999 55224 1000
S9 2 4468000 4468999 47459 998
S9 2 4469000 4469999 24445 1000
S9 2 4470000 4470999 0 1000
S9 2 4471000 4471999 34 999
S9 2 4472000 4472999 32797 999
S9 2 4473000 4473999 48501 997
S9 2 4474000 4474999 40582 994
S9 2 4475000 4475999 50942 1000
S9 2 4476000 4476999 57740 996
S9 2 4477000 4477999 48319 995
S9 2 4478000 4478999 51609 981
S9 2 4479000 4479999 50842 1000
S9 2 4480000 4480999 63603 1000
S9 2 4481000 4481999 47203 988
S9 2 4482000 4482999 52740 1000
S9 2 4483000 4483999 38187 794
