Indiv CHROM pos1 pos2 sum_depth n_sites
S1 2 5726000 5726999 44125 999
S1 2 5727000 5727999 43419 1000
S1 2 5728000 5728999 37802 999
S1 2 5729000 5729999 40157 1000
S1 2 5730000 5730999 37502 1000
S1 2 5731000 5731999 39959 1000
S1 2 5732000 5732999 42384 1000
S1 2 5733000 5733999 43342 1000
S1 2 5734000 5734999 39561 1000
S1 2 5735000 5735999 41541 999
S1 2 5736000 5736999 8629 997
S1 2 5737000 5737999 25372 999
S1 2 5738000 5738999 49520 1000
S1 2 5739000 5739999 39631 1000
S1 2 5740000 5740999 39994 1000
S1 2 5741000 5741999 40449 1000
S1 2 5742000 5742999 37119 1000
S1 2 5743000 5743999 45131 1000
S1 2 5744000 5744999 39893 1000
S1 2 5745000 5745999 42508 1000
S1 2 5746000 5746999 41574 1000
S1 2 5747000 5747999 43946 1000
S1 2 5748000 5748999 42913 1000
S1 2 5749000 5749999 41294 1000
S1 2 5750000 5750999 43569 1000
S1 2 5751000 5751999 41354 1000
S1 2 5752000 5752999 42274 1000
S1 2 5753000 5753999 41178 999
S1 2 5754000 5754999 41207 1000
S1 2 5755000 5755999 40135 1000
S1 2 5756000 5756999 38558 1000
S1 2 5757000 5757999 42912 1000
S1 2 5758000 5758999 39084 1000
S1 2 5759000 5759999 45799 994
S1 2 5760000 5760999 40941 1000
S1 2 5761000 5761999 40810 1000
S1 2 5762000 5762999 44815 1000
S1 2 5763000 5763999 42751 999
S1 2 5764000 5764999 42350 1000
S1 2 5765000 5765999 41752 999
S1 2 5766000 5766999 39443 999
S1 2 5767000 5767999 47908 1000
S1 2 5768000 5768999 45750 998
S1 2 5769000 5769999 44860 1000
S1 2 5770000 5770999 43241 1000
S1 2 5771000 5771999 41675 1000
S1 2 5772000 5772999 38826 1000
S1 2 5773000 5773999 40140 999
S1 2 5774000 5774999 35850 1000
S1 2 5775000 5775999 39538 1000
S1 2 5776000 5776999 41489 1000
S1 2 5777000 5777999 40220 1000
S1 2 5778000 5778999 34385 1000
S1 2 5779000 5779999 27009 997
S1 2 5780000 5780999 44074 968
S1 2 5781000 5781999 41178 1000
S1 2 5782000 5782999 41391 1000
S1 2 5783000 5783999 42709 1000
S1 2 5784000 5784999 42758 1000
S1 2 5785000 5785999 36197 1000
S1 2 5786000 5786999 35653 1000
S1 2 5787000 5787999 42137 1000
S1 2 5788000 5788999 39687 1000
S1 2 5789000 5789999 42230 1000
S1 2 5790000 5790999 40567 1000
S1 2 5791000 5791999 43265 1000
S1 2 5792000 5792999 39984 1000
S1 2 5793000 5793999 39200 1000
S1 2 5794000 5794999 37000 1000
S1 2 5795000 5795999 39539 1000
S1 2 5796000 5796999 42644 1000
S1 2 5797000 5797999 43996 1000
S1 2 5798000 5798999 11872 981
S1 2 5799000 5799999 42810 997
S1 2 5800000 5800999 41045 1000
S1 2 5801000 5801999 40261 1000
S1 2 5802000 5802999 42202 1000
S1 2 5803000 5803999 47419 1000
S1 2 5804000 5804999 44316 1000
S1 2 5805000 5805999 37254 1000
S1 2 5806000 5806999 45954 1000
S1 2 5807000 5807999 43521 1000
S1 2 5808000 5808999 46788 1000
S1 2 5809000 5809999 48400 1000
S1 2 5810000 5810999 45051 1000
S1 2 5811000 5811999 39033 996
S1 2 5812000 5812999 39998 1000
S1 2 5813000 5813999 40415 1000
S1 2 5814000 5814999 36821 1000
S1 2 5815000 5815999 42613 1000
S1 2 5816000 5816999 43399 1000
S1 2 5817000 5817999 43388 1000
S1 2 5818000 5818999 46435 1000
S1 2 5819000 5819999 40475 1000
S1 2 5820000 5820999 41198 999
S1 2 5821000 5821999 43421 1000
S1 2 5822000 5822999 41451 1000
S1 2 5823000 5823999 45636 1000
S1 2 5824000 5824999 38601 998
S1 2 5825000 5825999 42438 1000
S1 2 5826000 5826999 38458 1000
S1 2 5827000 5827999 41197 1000
S1 2 5828000 5828999 40919 1000
S1 2 5829000 5829999 42688 1000
S1 2 5830000 5830999 39478 1000
S1 2 5831000 5831999 45207 999
S1 2 5832000 5832999 41410 1000
S1 2 5833000 5833999 42917 1000
S1 2 5834000 5834999 41766 1000
S1 2 5835000 5835999 35645 1000
S1 2 5836000 5836999 42666 1000
S1 2 5837000 5837999 40348 1000
S1 2 5838000 5838999 40880 1000
S1 2 5839000 5839999 39331 1000
S1 2 5840000 5840999 45393 1000
S1 2 5841000 5841999 42384 1000
S1 2 5842000 5842999 41074 1000
S1 2 5843000 5843999 40287 1000
S1 2 5844000 5844999 39571 1000
S1 2 5845000 5845999 40622 1000
S1 2 5846000 5846999 38213 1000
S1 2 5847000 5847999 43626 1000
S1 2 5848000 5848999 40217 1000
S1 2 5849000 5849999 10835 230
S10 2 5726000 5726999 44714 999
S10 2 5727000 5727999 45066 1000
S10 2 5728000 5728999 45481 999
S10 2 5729000 5729999 40120 1000
S10 2 5730000 5730999 41344 1000
S10 2 5731000 5731999 48580 1000
S10 2 5732000 5732999 46502 1000
S10 2 5733000 5733999 43672 1000
S10 2 5734000 5734999 42008 1000
S10 2 5735000 5735999 44260 999
S10 2 5736000 5736999 7693 997
S10 2 5737000 5737999 17067 999
S10 2 5738000 5738999 48399 1000
S10 2 5739000 5739999 45500 1000
S10 2 5740000 5740999 43825 1000
S10 2 5741000 5741999 43161 1000
S10 2 5742000 5742999 43507 1000
S10 2 5743000 5743999 39205 1000
S10 2 5744000 5744999 42573 1000
S10 2 5745000 5745999 45879 1000
S10 2 5746000 5746999 44964 1000
S10 2 5747000 5747999 47429 1000
S10 2 5748000 5748999 50824 1000
S10 2 5749000 5749999 50317 1000
S10 2 5750000 5750999 44315 1000
S10 2 5751000 5751999 48818 1000
S10 2 5752000 5752999 46740 1000
S10 2 5753000 5753999 48629 999
S10 2 5754000 5754999 40456 1000
S10 2 5755000 5755999 48705 1000
S10 2 5756000 5756999 43530 1000
S10 2 5757000 5757999 46572 1000
S10 2 5758000 5758999 48038 1000
S10 2 5759000 5759999 46877 994
S10 2 5760000 5760999 47152 1000
S10 2 5761000 5761999 48685 1000
S10 2 5762000 5762999 42616 1000
S10 2 5763000 5763999 46909 999
S10 2 5764000 5764999 46320 1000
S10 2 5765000 5765999 54411 999
S10 2 5766000 5766999 46018 999
S10 2 5767000 5767999 47305 1000
S10 2 5768000 5768999 53297 998
S10 2 5769000 5769999 55246 1000
S10 2 5770000 5770999 41990 1000
S10 2 5771000 5771999 42470 1000
S10 2 5772000 5772999 49382 1000
S10 2 5773000 5773999 51475 999
S10 2 5774000 5774999 47198 1000
S10 2 5775000 5775999 40849 1000
S10 2 5776000 5776999 44867 1000
S10 2 5777000 5777999 41098 1000
S10 2 5778000 5778999 44782 1000
S10 2 5779000 5779999 29345 997
S10 2 5780000 5780999 45058 968
S10 2 5781000 5781999 44632 1000
S10 2 5782000 5782999 43118 1000
S10 2 5783000 5783999 43106 1000
S10 2 5784000 5784999 39774 1000
S10 2 5785000 5785999 41046 1000
S10 2 5786000 5786999 34484 1000
S10 2 5787000 5787999 45501 1000
S10 2 5788000 5788999 49269 1000
S10 2 5789000 5789999 41749 1000
S10 2 5790000 5790999 37213 1000
S10 2 5791000 5791999 49971 1000
S10 2 5792000 5792999 42920 1000
S10 2 5793000 5793999 44480 1000
S10 2 5794000 5794999 39907 1000
S10 2 5795000 5795999 40977 1000
S10 2 5796000 5796999 43280 1000
S10 2 5797000 5797999 43698 1000
S10 2 5798000 5798999 12603 981
S10 2 5799000 5799999 44011 997
S10 2 5800000 5800999 41420 1000
S10 2 5801000 5801999 45975 1000
S10 2 5802000 5802999 45429 1000
S10 2 5803000 5803999 40491 1000
S10 2 5804000 5804999 40495 1000
S10 2 5805000 5805999 45768 1000
S10 2 5806000 5806999 51512 1000
S10 2 5807000 5807999 42494 1000
S10 2 5808000 5808999 49707 1000
S10 2 5809000 5809999 44247 1000
S10 2 5810000 5810999 49313 1000
S10 2 5811000 5811999 42938 996
S10 2 5812000 5812999 41811 1000
S10 2 5813000 5813999 44197 1000
S10 2 5814000 5814999 46475 1000
S10 2 5815000 5815999 42709 1000
S10 2 5816000 5816999 44306 1000
S10 2 5817000 5817999 43257 1000
S10 2 5818000 5818999 42450 1000
S10 2 5819000 5819999 44576 1000
S10 2 5820000 5820999 47684 999
S10 2 5821000 5821999 50049 1000
S10 2 5822000 5822999 43992 1000
S10 2 5823000 5823999 50780 1000
S10 2 5824000 5824999 44173 998
S10 2 5825000 5825999 48265 1000
S10 2 5826000 5826999 46978 1000
S10 2 5827000 5827999 38581 1000
S10 2 5828000 5828999 46636 1000
S10 2 5829000 5829999 43036 1000
S10 2 5830000 5830999 42023 1000
S10 2 5831000 5831999 42092 999
S10 2 5832000 5832999 42252 1000
S10 2 5833000 5833999 53555 1000
S10 2 5834000 5834999 50252 1000
S10 2 5835000 5835999 42961 1000
S10 2 5836000 5836999 48537 1000
S10 2 5837000 5837999 43600 1000
S10 2 5838000 5838999 44894 1000
S10 2 5839000 5839999 47151 1000
S10 2 5840000 5840999 46608 1000
S10 2 5841000 5841999 45956 1000
S10 2 5842000 5842999 51611 1000
S10 2 5843000 5843999 51995 1000
S10 2 5844000 5844999 44912 1000
S10 2 5845000 5845999 48900 1000
S10 2 5846000 5846999 50714 1000
S10 2 5847000 5847999 41129 1000
S10 2 5848000 5848999 39846 1000
S10 2 5849000 5849999 9803 230
S11 2 5726000 5726999 56535 999
S11 2 5727000 5727999 53700 1000
S11 2 5728000 5728999 53346 999
S11 2 5729000 5729999 49732 1000
S11 2 5730000 5730999 48658 1000
S11 2 5731000 5731999 53785 1000
S11 2 5732000 5732999 58855 1000
S11 2 5733000 5733999 55944 1000
S11 2 5734000 5734999 53051 1000
S11 2 5735000 5735999 45250 999
S11 2 5736000 5736999 10752 997
S11 2 5737000 5737999 21612 999
S11 2 5738000 5738999 54161 1000
S11 2 5739000 5739999 53846 1000
S11 2 5740000 5740999 60596 1000
S11 2 5741000 5741999 47689 1000
S11 2 5742000 5742999 54528 1000
S11 2 5743000 5743999 60872 1000
S11 2 5744000 5744999 60204 1000
S11 2 5745000 5745999 54703 1000
S11 2 5746000 5746999 50713 1000
S11 2 5747000 5747999 45516 1000
S11 2 5748000 5748999 57372 1000
S11 2 5749000 5749999 58083 1000
S11 2 5750000 5750999 56408 1000
S11 2 5751000 5751999 64081 1000
S11 2 5752000 5752999 54430 1000
S11 2 5753000 5753999 58443 999
S11 2 5754000 5754999 59377 1000
S11 2 5755000 5755999 54694 1000
S11 2 5756000 5756999 55200 1000
S11 2 5757000 5757999 52498 1000
S11 2 5758000 5758999 56842 1000
S11 2 5759000 5759999 52923 994
S11 2 5760000 5760999 54042 1000
S11 2 5761000 5761999 57392 1000
S11 2 5762000 5762999 52060 1000
S11 2 5763000 5763999 54086 999
S11 2 5764000 5764999 58446 1000
S11 2 5765000 5765999 65229 999
S11 2 5766000 5766999 62911 999
S11 2 5767000 5767999 54060 1000
S11 2 5768000 5768999 59702 998
S11 2 5769000 5769999 59291 1000
S11 2 5770000 5770999 60318 1000
S11 2 5771000 5771999 56471 1000
S11 2 5772000 5772999 58738 1000
S11 2 5773000 5773999 54374 999
S11 2 5774000 5774999 49956 1000
S11 2 5775000 5775999 61296 1000
S11 2 5776000 5776999 51147 1000
S11 2 5777000 5777999 54310 1000
S11 2 5778000 5778999 54225 1000
S11 2 5779000 5779999 36833 997
S11 2 5780000 5780999 68947 968
S11 2 5781000 5781999 56168 1000
S11 2 5782000 5782999 50297 1000
S11 2 5783000 5783999 50875 1000
S11 2 5784000 5784999 55315 1000
S11 2 5785000 5785999 50465 1000
S11 2 5786000 5786999 46328 1000
S11 2 5787000 5787999 53627 1000
S11 2 5788000 5788999 47641 1000
S11 2 5789000 5789999 53978 1000
S11 2 5790000 5790999 53154 1000
S11 2 5791000 5791999 56984 1000
S11 2 5792000 5792999 50567 1000
S11 2 5793000 5793999 58929 1000
S11 2 5794000 5794999 51715 1000
S11 2 5795000 5795999 48872 1000
S11 2 5796000 5796999 49271 1000
S11 2 5797000 5797999 55158 1000
S11 2 5798000 5798999 19700 981
S11 2 5799000 5799999 51061 997
S11 2 5800000 5800999 58311 1000
S11 2 5801000 5801999 52962 1000
S11 2 5802000 5802999 54492 1000
S11 2 5803000 5803999 60082 1000
S11 2 5804000 5804999 49629 1000
S11 2 5805000 5805999 56789 1000
S11 2 5806000 5806999 50290 1000
S11 2 5807000 5807999 50157 1000
S11 2 5808000 5808999 46198 1000
S11 2 5809000 5809999 43440 1000
S11 2 5810000 5810999 43460 1000
S11 2 5811000 5811999 54763 996
S11 2 5812000 5812999 58517 1000
S11 2 5813000 5813999 45892 1000
S11 2 5814000 5814999 58957 1000
S11 2 5815000 5815999 56048 1000
S11 2 5816000 5816999 60619 1000
S11 2 5817000 5817999 55872 1000
S11 2 5818000 5818999 60234 1000
S11 2 5819000 5819999 52376 1000
S11 2 5820000 5820999 54253 999
S11 2 5821000 5821999 57309 1000
S11 2 5822000 5822999 56906 1000
S11 2 5823000 5823999 53885 1000
S11 2 5824000 5824999 56266 998
S11 2 5825000 5825999 54763 1000
S11 2 5826000 5826999 56569 1000
S11 2 5827000 5827999 51321 1000
S11 2 5828000 5828999 56703 1000
S11 2 5829000 5829999 49390 1000
S11 2 5830000 5830999 52724 1000
S11 2 5831000 5831999 61335 999
S11 2 5832000 5832999 53358 1000
S11 2 5833000 5833999 56355 1000
S11 2 5834000 5834999 53813 1000
S11 2 5835000 5835999 56566 1000
S11 2 5836000 5836999 57159 1000
S11 2 5837000 5837999 53161 1000
S11 2 5838000 5838999 59064 1000
S11 2 5839000 5839999 58254 1000
S11 2 5840000 5840999 62830 1000
S11 2 5841000 5841999 58688 1000
S11 2 5842000 5842999 58805 1000
S11 2 5843000 5843999 57173 1000
S11 2 5844000 5844999 58698 1000
S11 2 5845000 5845999 57346 1000
S11 2 5846000 5846999 60939 1000
S11 2 5847000 5847999 57420 1000
S11 2 5848000 5848999 55773 1000
S11 2 5849000 5849999 14752 230
S12 2 5726000 5726999 44992 999
S12 2 5727000 5727999 46982 1000
S12 2 5728000 5728999 51872 999
S12 2 5729000 5729999 46039 1000
S12 2 5730000 5730999 49266 1000
S12 2 5731000 5731999 46115 1000
S12 2 5732000 5732999 43747 1000
S12 2 5733000 5733999 44271 1000
S12 2 5734000 5734999 44736 1000
S12 2 5735000 5735999 41208 999
S12 2 5736000 5736999 8020 997
S12 2 5737000 5737999 15176 999
S12 2 5738000 5738999 45973 1000
S12 2 5739000 5739999 44167 1000
S12 2 5740000 5740999 45576 1000
S12 2 5741000 5741999 46186 1000
S12 2 5742000 5742999 47005 1000
S12 2 5743000 5743999 47246 1000
S12 2 5744000 5744999 41969 1000
S12 2 5745000 5745999 41129 1000
S12 2 5746000 5746999 45967 1000
S12 2 5747000 5747999 46395 1000
S12 2 5748000 5748999 44554 1000
S12 2 5749000 5749999 44810 1000
S12 2 5750000 5750999 45950 1000
S12 2 5751000 5751999 42187 1000
S12 2 5752000 5752999 45110 1000
S12 2 5753000 5753999 45845 999
S12 2 5754000 5754999 43952 1000
S12 2 5755000 5755999 43235 1000
S12 2 5756000 5756999 51766 1000
S12 2 5757000 5757999 46142 1000
S12 2 5758000 5758999 42606 1000
S12 2 5759000 5759999 45505 994
S12 2 5760000 5760999 44113 1000
S12 2 5761000 5761999 49264 1000
S12 2 5762000 5762999 42350 1000
S12 2 5763000 5763999 44249 999
S12 2 5764000 5764999 46154 1000
S12 2 5765000 5765999 47488 999
S12 2 5766000 5766999 49663 999
S12 2 5767000 5767999 44677 1000
S12 2 5768000 5768999 42810 998
S12 2 5769000 5769999 44042 1000
S12 2 5770000 5770999 46026 1000
S12 2 5771000 5771999 43717 1000
S12 2 5772000 5772999 51044 1000
S12 2 5773000 5773999 44106 999
S12 2 5774000 5774999 41400 1000
S12 2 5775000 5775999 48885 1000
S12 2 5776000 5776999 40740 1000
S12 2 5777000 5777999 45424 1000
S12 2 5778000 5778999 48629 1000
S12 2 5779000 5779999 32242 997
S12 2 5780000 5780999 51510 968
S12 2 5781000 5781999 44932 1000
S12 2 5782000 5782999 46242 1000
S12 2 5783000 5783999 41499 1000
S12 2 5784000 5784999 44604 1000
S12 2 5785000 5785999 39191 1000
S12 2 5786000 5786999 38123 1000
S12 2 5787000 5787999 39822 1000
S12 2 5788000 5788999 39619 1000
S12 2 5789000 5789999 42469 1000
S12 2 5790000 5790999 41473 1000
S12 2 5791000 5791999 47283 1000
S12 2 5792000 5792999 43556 1000
S12 2 5793000 5793999 45098 1000
S12 2 5794000 5794999 40552 1000
S12 2 5795000 5795999 39366 1000
S12 2 5796000 5796999 41268 1000
S12 2 5797000 5797999 44034 1000
S12 2 5798000 5798999 30221 981
S12 2 5799000 5799999 42223 997
S12 2 5800000 5800999 45942 1000
S12 2 5801000 5801999 44572 1000
S12 2 5802000 5802999 45914 1000
S12 2 5803000 5803999 43622 1000
S12 2 5804000 5804999 48760 1000
S12 2 5805000 5805999 43779 1000
S12 2 5806000 5806999 42776 1000
S12 2 5807000 5807999 39326 1000
S12 2 5808000 5808999 46793 1000
S12 2 5809000 5809999 47614 1000
S12 2 5810000 5810999 47672 1000
S12 2 5811000 5811999 45382 996
S12 2 5812000 5812999 48106 1000
S12 2 5813000 5813999 45325 1000
S12 2 5814000 5814999 53172 1000
S12 2 5815000 5815999 42027 1000
S12 2 5816000 5816999 51604 1000
S12 2 5817000 5817999 45395 1000
S12 2 5818000 5818999 42101 1000
S12 2 5819000 5819999 40499 1000
S12 2 5820000 5820999 44295 999
S12 2 5821000 5821999 52609 1000
S12 2 5822000 5822999 46249 1000
S12 2 5823000 5823999 43330 1000
S12 2 5824000 5824999 45352 998
S12 2 5825000 5825999 49610 1000
S12 2 5826000 5826999 50224 1000
S12 2 5827000 5827999 49402 1000
S12 2 5828000 5828999 45589 1000
S12 2 5829000 5829999 45527 1000
S12 2 5830000 5830999 47804 1000
S12 2 5831000 5831999 41116 999
S12 2 5832000 5832999 42830 1000
S12 2 5833000 5833999 44926 1000
S12 2 5834000 5834999 44902 1000
S12 2 5835000 5835999 47223 1000
S12 2 5836000 5836999 39338 1000
S12 2 5837000 5837999 41935 1000
S12 2 5838000 5838999 51147 1000
S12 2 5839000 5839999 46805 1000
S12 2 5840000 5840999 45023 1000
S12 2 5841000 5841999 49620 1000
S12 2 5842000 5842999 39120 1000
S12 2 5843000 5843999 44023 1000
S12 2 5844000 5844999 42647 1000
S12 2 5845000 5845999 44498 1000
S12 2 5846000 5846999 49355 1000
S12 2 5847000 5847999 43209 1000
S12 2 5848000 5848999 45708 1000
S12 2 5849000 5849999 10376 230
S13 2 5726000 5726999 41862 999
S13 2 5727000 5727999 37779 1000
S13 2 5728000 5728999 31336 999
S13 2 5729000 5729999 33246 1000
S13 2 5730000 5730999 37282 1000
S13 2 5731000 5731999 34470 1000
S13 2 5732000 5732999 34677 1000
S13 2 5733000 5733999 34703 1000
S13 2 5734000 5734999 37240 1000
S13 2 5735000 5735999 37986 999
S13 2 5736000 5736999 6679 997
S13 2 5737000 5737999 22340 999
S13 2 5738000 5738999 52214 1000
S13 2 5739000 5739999 39368 1000
S13 2 5740000 5740999 38100 1000
S13 2 5741000 5741999 39744 1000
S13 2 5742000 5742999 39555 1000
S13 2 5743000 5743999 32145 1000
S13 2 5744000 5744999 34223 1000
S13 2 5745000 5745999 36683 1000
S13 2 5746000 5746999 38361 1000
S13 2 5747000 5747999 40715 1000
S13 2 5748000 5748999 31992 1000
S13 2 5749000 5749999 37859 1000
S13 2 5750000 5750999 40907 1000
S13 2 5751000 5751999 35248 1000
S13 2 5752000 5752999 37084 1000
S13 2 5753000 5753999 40405 999
S13 2 5754000 5754999 38460 1000
S13 2 5755000 5755999 37719 1000
S13 2 5756000 5756999 36429 1000
S13 2 5757000 5757999 40231 1000
S13 2 5758000 5758999 36461 1000
S13 2 5759000 5759999 37191 994
S13 2 5760000 5760999 38587 1000
S13 2 5761000 5761999 41460 1000
S13 2 5762000 5762999 36943 1000
S13 2 5763000 5763999 37357 999
S13 2 5764000 5764999 39766 1000
S13 2 5765000 5765999 34398 999
S13 2 5766000 5766999 36997 999
S13 2 5767000 5767999 37451 1000
S13 2 5768000 5768999 36339 998
S13 2 5769000 5769999 39000 1000
S13 2 5770000 5770999 40625 1000
S13 2 5771000 5771999 36268 1000
S13 2 5772000 5772999 36510 1000
S13 2 5773000 5773999 32284 999
S13 2 5774000 5774999 37727 1000
S13 2 5775000 5775999 38219 1000
S13 2 5776000 5776999 35346 1000
S13 2 5777000 5777999 37229 1000
S13 2 5778000 5778999 37236 1000
S13 2 5779000 5779999 31614 997
S13 2 5780000 5780999 37591 968
S13 2 5781000 5781999 38955 1000
S13 2 5782000 5782999 37429 1000
S13 2 5783000 5783999 37158 1000
S13 2 5784000 5784999 33503 1000
S13 2 5785000 5785999 32930 1000
S13 2 5786000 5786999 32222 1000
S13 2 5787000 5787999 38688 1000
S13 2 5788000 5788999 35724 1000
S13 2 5789000 5789999 34338 1000
S13 2 5790000 5790999 31881 1000
S13 2 5791000 5791999 36940 1000
S13 2 5792000 5792999 38603 1000
S13 2 5793000 5793999 35825 1000
S13 2 5794000 5794999 36554 1000
S13 2 5795000 5795999 36648 1000
S13 2 5796000 5796999 37905 1000
S13 2 5797000 5797999 34388 1000
S13 2 5798000 5798999 5867 981
S13 2 5799000 5799999 33505 997
S13 2 5800000 5800999 37289 1000
S13 2 5801000 5801999 42618 1000
S13 2 5802000 5802999 37924 1000
S13 2 5803000 5803999 35875 1000
S13 2 5804000 5804999 37501 1000
S13 2 5805000 5805999 36101 1000
S13 2 5806000 5806999 26353 1000
S13 2 5807000 5807999 34035 1000
S13 2 5808000 5808999 36165 1000
S13 2 5809000 5809999 35970 1000
S13 2 5810000 5810999 38720 1000
S13 2 5811000 5811999 35764 996
S13 2 5812000 5812999 37532 1000
S13 2 5813000 5813999 34961 1000
S13 2 5814000 5814999 38059 1000
S13 2 5815000 5815999 35373 1000
S13 2 5816000 5816999 39060 1000
S13 2 5817000 5817999 36296 1000
S13 2 5818000 5818999 36190 1000
S13 2 5819000 5819999 34753 1000
S13 2 5820000 5820999 35676 999
S13 2 5821000 5821999 40628 1000
S13 2 5822000 5822999 43329 1000
S13 2 5823000 5823999 39148 1000
S13 2 5824000 5824999 35636 998
S13 2 5825000 5825999 35968 1000
S13 2 5826000 5826999 34081 1000
S13 2 5827000 5827999 33158 1000
S13 2 5828000 5828999 32098 1000
S13 2 5829000 5829999 36462 1000
S13 2 5830000 5830999 40370 1000
S13 2 5831000 5831999 38904 999
S13 2 5832000 5832999 36569 1000
S13 2 5833000 5833999 43939 1000
S13 2 5834000 5834999 40650 1000
S13 2 5835000 5835999 38141 1000
S13 2 5836000 5836999 32001 1000
S13 2 5837000 5837999 38002 1000
S13 2 5838000 5838999 36548 1000
S13 2 5839000 5839999 30360 1000
S13 2 5840000 5840999 36027 1000
S13 2 5841000 5841999 38935 1000
S13 2 5842000 5842999 37580 1000
S13 2 5843000 5843999 38327 1000
S13 2 5844000 5844999 42406 1000
S13 2 5845000 5845999 35490 1000
S13 2 5846000 5846999 36024 1000
S13 2 5847000 5847999 37056 1000
S13 2 5848000 5848999 39452 1000
S13 2 5849000 5849999 8019 230
S14 2 5726000 5726999 44853 999
S14 2 5727000 5727999 50681 1000
S14 2 5728000 5728999 51861 999
S14 2 5729000 5729999 55471 1000
S14 2 5730000 5730999 52096 1000
S14 2 5731000 5731999 52408 1000
S14 2 5732000 5732999 50974 1000
S14 2 5733000 5733999 47640 1000
S14 2 5734000 5734999 44919 1000
S14 2 5735000 5735999 50435 999
S14 2 5736000 5736999 9728 997
S14 2 5737000 5737999 29565 999
S14 2 5738000 5738999 54214 1000
S14 2 5739000 5739999 52404 1000
S14 2 5740000 5740999 52222 1000
S14 2 5741000 5741999 59534 1000
S14 2 5742000 5742999 45160 1000
S14 2 5743000 5743999 47673 1000
S14 2 5744000 5744999 50152 1000
S14 2 5745000 5745999 48717 1000
S14 2 5746000 5746999 43127 1000
S14 2 5747000 5747999 47228 1000
S14 2 5748000 5748999 49819 1000
S14 2 5749000 5749999 50404 1000
S14 2 5750000 5750999 49432 1000
S14 2 5751000 5751999 52016 1000
S14 2 5752000 5752999 45195 1000
S14 2 5753000 5753999 51109 999
S14 2 5754000 5754999 45751 1000
S14 2 5755000 5755999 49090 1000
S14 2 5756000 5756999 49387 1000
S14 2 5757000 5757999 50681 1000
S14 2 5758000 5758999 47286 1000
S14 2 5759000 5759999 51207 994
S14 2 5760000 5760999 47560 1000
S14 2 5761000 5761999 51196 1000
S14 2 5762000 5762999 50482 1000
S14 2 5763000 5763999 55050 999
S14 2 5764000 5764999 50130 1000
S14 2 5765000 5765999 57152 999
S14 2 5766000 5766999 55471 999
S14 2 5767000 5767999 49053 1000
S14 2 5768000 5768999 49602 998
S14 2 5769000 5769999 47908 1000
S14 2 5770000 5770999 50072 1000
S14 2 5771000 5771999 45598 1000
S14 2 5772000 5772999 46204 1000
S14 2 5773000 5773999 45910 999
S14 2 5774000 5774999 43997 1000
S14 2 5775000 5775999 40478 1000
S14 2 5776000 5776999 47820 1000
S14 2 5777000 5777999 53568 1000
S14 2 5778000 5778999 41555 1000
S14 2 5779000 5779999 32434 997
S14 2 5780000 5780999 54316 968
S14 2 5781000 5781999 47874 1000
S14 2 5782000 5782999 45825 1000
S14 2 5783000 5783999 44798 1000
S14 2 5784000 5784999 46334 1000
S14 2 5785000 5785999 43784 1000
S14 2 5786000 5786999 39348 1000
S14 2 5787000 5787999 46533 1000
S14 2 5788000 5788999 44577 1000
S14 2 5789000 5789999 45607 1000
S14 2 5790000 5790999 52066 1000
S14 2 5791000 5791999 51946 1000
S14 2 5792000 5792999 48025 1000
S14 2 5793000 5793999 43921 1000
S14 2 5794000 5794999 47558 1000
S14 2 5795000 5795999 45800 1000
S14 2 5796000 5796999 39051 1000
S14 2 5797000 5797999 50822 1000
S14 2 5798000 5798999 17745 981
S14 2 5799000 5799999 44968 997
S14 2 5800000 5800999 40612 1000
S14 2 5801000 5801999 40623 1000
S14 2 5802000 5802999 44052 1000
S14 2 5803000 5803999 41799 1000
S14 2 5804000 5804999 52488 1000
S14 2 5805000 5805999 49524 1000
S14 2 5806000 5806999 49486 1000
S14 2 5807000 5807999 55196 1000
S14 2 5808000 5808999 48086 1000
S14 2 5809000 5809999 51140 1000
S14 2 5810000 5810999 45596 1000
S14 2 5811000 5811999 47895 996
S14 2 5812000 5812999 54141 1000
S14 2 5813000 5813999 49060 1000
S14 2 5814000 5814999 55675 1000
S14 2 5815000 5815999 45199 1000
S14 2 5816000 5816999 48129 1000
S14 2 5817000 5817999 48997 1000
S14 2 5818000 5818999 48607 1000
S14 2 5819000 5819999 48049 1000
S14 2 5820000 5820999 48572 999
S14 2 5821000 5821999 54252 1000
S14 2 5822000 5822999 53414 1000
S14 2 5823000 5823999 53479 1000
S14 2 5824000 5824999 45734 998
S14 2 5825000 5825999 47724 1000
S14 2 5826000 5826999 46506 1000
S14 2 5827000 5827999 50895 1000
S14 2 5828000 5828999 45643 1000
S14 2 5829000 5829999 46889 1000
S14 2 5830000 5830999 48509 1000
S14 2 5831000 5831999 47329 999
S14 2 5832000 5832999 46520 1000
S14 2 5833000 5833999 53423 1000
S14 2 5834000 5834999 53171 1000
S14 2 5835000 5835999 53450 1000
S14 2 5836000 5836999 56686 1000
S14 2 5837000 5837999 50428 1000
S14 2 5838000 5838999 50251 1000
S14 2 5839000 5839999 50528 1000
S14 2 5840000 5840999 47046 1000
S14 2 5841000 5841999 49573 1000
S14 2 5842000 5842999 53067 1000
S14 2 5843000 5843999 48449 1000
S14 2 5844000 5844999 46187 1000
S14 2 5845000 5845999 56341 1000
S14 2 5846000 5846999 44932 1000
S14 2 5847000 5847999 49239 1000
S14 2 5848000 5848999 53041 1000
S14 2 5849000 5849999 10557 230
S15 2 5726000 5726999 48247 999
S15 2 5727000 5727999 44153 1000
S15 2 5728000 5728999 42264 999
S15 2 5729000 5729999 41036 1000
S15 2 5730000 5730999 39762 1000
S15 2 5731000 5731999 46772 1000
S15 2 5732000 5732999 44444 1000
S15 2 5733000 5733999 44044 1000
S15 2 5734000 5734999 45526 1000
S15 2 5735000 5735999 38077 999
S15 2 5736000 5736999 10626 997
S15 2 5737000 5737999 20667 999
S15 2 5738000 5738999 49247 1000
S15 2 5739000 5739999 43610 1000
S15 2 5740000 5740999 44982 1000
S15 2 5741000 5741999 47532 1000
S15 2 5742000 5742999 44708 1000
S15 2 5743000 5743999 43642 1000
S15 2 5744000 5744999 46442 1000
S15 2 5745000 5745999 42807 1000
S15 2 5746000 5746999 45701 1000
S15 2 5747000 5747999 46683 1000
S15 2 5748000 5748999 43427 1000
S15 2 5749000 5749999 49745 1000
S15 2 5750000 5750999 46692 1000
S15 2 5751000 5751999 50077 1000
S15 2 5752000 5752999 40289 1000
S15 2 5753000 5753999 44805 999
S15 2 5754000 5754999 49508 1000
S15 2 5755000 5755999 40973 1000
S15 2 5756000 5756999 47823 1000
S15 2 5757000 5757999 46207 1000
S15 2 5758000 5758999 43623 1000
S15 2 5759000 5759999 49013 994
S15 2 5760000 5760999 42790 1000
S15 2 5761000 5761999 51788 1000
S15 2 5762000 5762999 52839 1000
S15 2 5763000 5763999 44362 999
S15 2 5764000 5764999 45514 1000
S15 2 5765000 5765999 45228 999
S15 2 5766000 5766999 48529 999
S15 2 5767000 5767999 43275 1000
S15 2 5768000 5768999 51862 998
S15 2 5769000 5769999 44015 1000
S15 2 5770000 5770999 40895 1000
S15 2 5771000 5771999 43524 1000
S15 2 5772000 5772999 44438 1000
S15 2 5773000 5773999 44087 999
S15 2 5774000 5774999 40944 1000
S15 2 5775000 5775999 43040 1000
S15 2 5776000 5776999 44033 1000
S15 2 5777000 5777999 39939 1000
S15 2 5778000 5778999 40052 1000
S15 2 5779000 5779999 27666 997
S15 2 5780000 5780999 46273 968
S15 2 5781000 5781999 42031 1000
S15 2 5782000 5782999 45736 1000
S15 2 5783000 5783999 46282 1000
S15 2 5784000 5784999 44087 1000
S15 2 5785000 5785999 46471 1000
S15 2 5786000 5786999 39634 1000
S15 2 5787000 5787999 40839 1000
S15 2 5788000 5788999 40498 1000
S15 2 5789000 5789999 43550 1000
S15 2 5790000 5790999 41176 1000
S15 2 5791000 5791999 48123 1000
S15 2 5792000 5792999 44534 1000
S15 2 5793000 5793999 44693 1000
S15 2 5794000 5794999 40380 1000
S15 2 5795000 5795999 43627 1000
S15 2 5796000 5796999 43785 1000
S15 2 5797000 5797999 41905 1000
S15 2 5798000 5798999 20449 981
S15 2 5799000 5799999 50177 997
S15 2 5800000 5800999 46590 1000
S15 2 5801000 5801999 43567 1000
S15 2 5802000 5802999 46805 1000
S15 2 5803000 5803999 40056 1000
S15 2 5804000 5804999 44178 1000
S15 2 5805000 5805999 44179 1000
S15 2 5806000 5806999 39963 1000
S15 2 5807000 5807999 44602 1000
S15 2 5808000 5808999 42614 1000
S15 2 5809000 5809999 47829 1000
S15 2 5810000 5810999 42766 1000
S15 2 5811000 5811999 45579 996
S15 2 5812000 5812999 48753 1000
S15 2 5813000 5813999 46482 1000
S15 2 5814000 5814999 42363 1000
S15 2 5815000 5815999 49110 1000
S15 2 5816000 5816999 43386 1000
S15 2 5817000 5817999 39552 1000
S15 2 5818000 5818999 45479 1000
S15 2 5819000 5819999 43135 1000
S15 2 5820000 5820999 46465 999
S15 2 5821000 5821999 48042 1000
S15 2 5822000 5822999 43860 1000
S15 2 5823000 5823999 49528 1000
S15 2 5824000 5824999 43145 998
S15 2 5825000 5825999 45044 1000
S15 2 5826000 5826999 45569 1000
S15 2 5827000 5827999 32834 1000
S15 2 5828000 5828999 41425 1000
S15 2 5829000 5829999 45357 1000
S15 2 5830000 5830999 53233 1000
S15 2 5831000 5831999 37684 999
S15 2 5832000 5832999 43042 1000
S15 2 5833000 5833999 45999 1000
S15 2 5834000 5834999 49582 1000
S15 2 5835000 5835999 52176 1000
S15 2 5836000 5836999 47105 1000
S15 2 5837000 5837999 48633 1000
S15 2 5838000 5838999 43458 1000
S15 2 5839000 5839999 46228 1000
S15 2 5840000 5840999 45890 1000
S15 2 5841000 5841999 50341 1000
S15 2 5842000 5842999 42486 1000
S15 2 5843000 5843999 40570 1000
S15 2 5844000 5844999 48503 1000
S15 2 5845000 5845999 45849 1000
S15 2 5846000 5846999 46073 1000
S15 2 5847000 5847999 43039 1000
S15 2 5848000 5848999 42431 1000
S15 2 5849000 5849999 9737 230
S16 2 5726000 5726999 37410 999
S16 2 5727000 5727999 36855 1000
S16 2 5728000 5728999 33914 999
S16 2 5729000 5729999 32404 1000
S16 2 5730000 5730999 36807 1000
S16 2 5731000 5731999 36588 1000
S16 2 5732000 5732999 39384 1000
S16 2 5733000 5733999 38675 1000
S16 2 5734000 5734999 36726 1000
S16 2 5735000 5735999 36722 999
S16 2 5736000 5736999 5930 997
S16 2 5737000 5737999 21619 999
S16 2 5738000 5738999 49387 1000
S16 2 5739000 5739999 38084 1000
S16 2 5740000 5740999 41021 1000
S16 2 5741000 5741999 36747 1000
S16 2 5742000 5742999 36871 1000
S16 2 5743000 5743999 36242 1000
S16 2 5744000 5744999 38899 1000
S16 2 5745000 5745999 36926 1000
S16 2 5746000 5746999 34624 1000
S16 2 5747000 5747999 35590 1000
S16 2 5748000 5748999 36262 1000
S16 2 5749000 5749999 36688 1000
S16 2 5750000 5750999 34484 1000
S16 2 5751000 5751999 39176 1000
S16 2 5752000 5752999 36707 1000
S16 2 5753000 5753999 39622 999
S16 2 5754000 5754999 36748 1000
S16 2 5755000 5755999 39231 1000
S16 2 5756000 5756999 31801 1000
S16 2 5757000 5757999 35629 1000
S16 2 5758000 5758999 33667 1000
S16 2 5759000 5759999 37480 994
S16 2 5760000 5760999 42004 1000
S16 2 5761000 5761999 33859 1000
S16 2 5762000 5762999 36075 1000
S16 2 5763000 5763999 37542 999
S16 2 5764000 5764999 38793 1000
S16 2 5765000 5765999 41436 999
S16 2 5766000 5766999 35036 999
S16 2 5767000 5767999 37950 1000
S16 2 5768000 5768999 45824 998
S16 2 5769000 5769999 33735 1000
S16 2 5770000 5770999 37768 1000
S16 2 5771000 5771999 33817 1000
S16 2 5772000 5772999 40458 1000
S16 2 5773000 5773999 36005 999
S16 2 5774000 5774999 39010 1000
S16 2 5775000 5775999 33047 1000
S16 2 5776000 5776999 37281 1000
S16 2 5777000 5777999 36326 1000
S16 2 5778000 5778999 35303 1000
S16 2 5779000 5779999 25843 997
S16 2 5780000 5780999 36839 968
S16 2 5781000 5781999 37884 1000
S16 2 5782000 5782999 34900 1000
S16 2 5783000 5783999 36001 1000
S16 2 5784000 5784999 34532 1000
S16 2 5785000 5785999 33022 1000
S16 2 5786000 5786999 29698 1000
S16 2 5787000 5787999 37254 1000
S16 2 5788000 5788999 35719 1000
S16 2 5789000 5789999 34599 1000
S16 2 5790000 5790999 40183 1000
S16 2 5791000 5791999 41297 1000
S16 2 5792000 5792999 38601 1000
S16 2 5793000 5793999 35117 1000
S16 2 5794000 5794999 39280 1000
S16 2 5795000 5795999 36953 1000
S16 2 5796000 5796999 35920 1000
S16 2 5797000 5797999 39344 1000
S16 2 5798000 5798999 13964 981
S16 2 5799000 5799999 31248 997
S16 2 5800000 5800999 37865 1000
S16 2 5801000 5801999 38750 1000
S16 2 5802000 5802999 38834 1000
S16 2 5803000 5803999 36471 1000
S16 2 5804000 5804999 39290 1000
S16 2 5805000 5805999 33338 1000
S16 2 5806000 5806999 32866 1000
S16 2 5807000 5807999 35096 1000
S16 2 5808000 5808999 35633 1000
S16 2 5809000 5809999 32226 1000
S16 2 5810000 5810999 34299 1000
S16 2 5811000 5811999 34479 996
S16 2 5812000 5812999 35808 1000
S16 2 5813000 5813999 36917 1000
S16 2 5814000 5814999 40339 1000
S16 2 5815000 5815999 38876 1000
S16 2 5816000 5816999 36395 1000
S16 2 5817000 5817999 33254 1000
S16 2 5818000 5818999 39469 1000
S16 2 5819000 5819999 34008 1000
S16 2 5820000 5820999 33965 999
S16 2 5821000 5821999 35114 1000
S16 2 5822000 5822999 34063 1000
S16 2 5823000 5823999 35843 1000
S16 2 5824000 5824999 33954 998
S16 2 5825000 5825999 36248 1000
S16 2 5826000 5826999 37161 1000
S16 2 5827000 5827999 36291 1000
S16 2 5828000 5828999 36996 1000
S16 2 5829000 5829999 39923 1000
S16 2 5830000 5830999 34537 1000
S16 2 5831000 5831999 36691 999
S16 2 5832000 5832999 32339 1000
S16 2 5833000 5833999 41066 1000
S16 2 5834000 5834999 34795 1000
S16 2 5835000 5835999 35258 1000
S16 2 5836000 5836999 33524 1000
S16 2 5837000 5837999 40914 1000
S16 2 5838000 5838999 38085 1000
S16 2 5839000 5839999 34300 1000
S16 2 5840000 5840999 35151 1000
S16 2 5841000 5841999 33482 1000
S16 2 5842000 5842999 34629 1000
S16 2 5843000 5843999 40534 1000
S16 2 5844000 5844999 33409 1000
S16 2 5845000 5845999 34154 1000
S16 2 5846000 5846999 34793 1000
S16 2 5847000 5847999 41241 1000
S16 2 5848000 5848999 38740 1000
S16 2 5849000 5849999 7293 230
S17 2 5726000 5726999 43745 999
S17 2 5727000 5727999 44217 1000
S17 2 5728000 5728999 42666 999
S17 2 5729000 5729999 40855 1000
S17 2 5730000 5730999 33460 1000
S17 2 5731000 5731999 28111 1000
S17 2 5732000 5732999 37042 1000
S17 2 5733000 5733999 38448 1000
S17 2 5734000 5734999 41906 1000
S17 2 5735000 5735999 33531 999
S17 2 5736000 5736999 6975 997
S17 2 5737000 5737999 24249 999
S17 2 5738000 5738999 45208 1000
S17 2 5739000 5739999 36364 1000
S17 2 5740000 5740999 41695 1000
S17 2 5741000 5741999 41689 1000
S17 2 5742000 5742999 45818 1000
S17 2 5743000 5743999 48642 1000
S17 2 5744000 5744999 47089 1000
S17 2 5745000 5745999 43453 1000
S17 2 5746000 5746999 46479 1000
S17 2 5747000 5747999 43830 1000
S17 2 5748000 5748999 45758 1000
S17 2 5749000 5749999 43308 1000
S17 2 5750000 5750999 40572 1000
S17 2 5751000 5751999 50536 1000
S17 2 5752000 5752999 37444 1000
S17 2 5753000 5753999 43011 999
S17 2 5754000 5754999 45475 1000
S17 2 5755000 5755999 51997 1000
S17 2 5756000 5756999 47125 1000
S17 2 5757000 5757999 48825 1000
S17 2 5758000 5758999 44513 1000
S17 2 5759000 5759999 53217 994
S17 2 5760000 5760999 44350 1000
S17 2 5761000 5761999 42034 1000
S17 2 5762000 5762999 42286 1000
S17 2 5763000 5763999 41599 999
S17 2 5764000 5764999 44309 1000
S17 2 5765000 5765999 41729 999
S17 2 5766000 5766999 46057 999
S17 2 5767000 5767999 43590 1000
S17 2 5768000 5768999 46698 998
S17 2 5769000 5769999 40881 1000
S17 2 5770000 5770999 46639 1000
S17 2 5771000 5771999 47157 1000
S17 2 5772000 5772999 45701 1000
S17 2 5773000 5773999 43306 999
S17 2 5774000 5774999 41517 1000
S17 2 5775000 5775999 46753 1000
S17 2 5776000 5776999 44859 1000
S17 2 5777000 5777999 38544 1000
S17 2 5778000 5778999 38047 1000
S17 2 5779000 5779999 29508 997
S17 2 5780000 5780999 48248 968
S17 2 5781000 5781999 44559 1000
S17 2 5782000 5782999 53385 1000
S17 2 5783000 5783999 51178 1000
S17 2 5784000 5784999 43390 1000
S17 2 5785000 5785999 42971 1000
S17 2 5786000 5786999 36724 1000
S17 2 5787000 5787999 39951 1000
S17 2 5788000 5788999 43035 1000
S17 2 5789000 5789999 45707 1000
S17 2 5790000 5790999 45067 1000
S17 2 5791000 5791999 45156 1000
S17 2 5792000 5792999 40701 1000
S17 2 5793000 5793999 35207 1000
S17 2 5794000 5794999 38995 1000
S17 2 5795000 5795999 39331 1000
S17 2 5796000 5796999 37963 1000
S17 2 5797000 5797999 44558 1000
S17 2 5798000 5798999 13044 981
S17 2 5799000 5799999 44681 997
S17 2 5800000 5800999 48084 1000
S17 2 5801000 5801999 45733 1000
S17 2 5802000 5802999 48227 1000
S17 2 5803000 5803999 42144 1000
S17 2 5804000 5804999 43691 1000
S17 2 5805000 5805999 41029 1000
S17 2 5806000 5806999 42605 1000
S17 2 5807000 5807999 47351 1000
S17 2 5808000 5808999 35521 1000
S17 2 5809000 5809999 42789 1000
S17 2 5810000 5810999 37957 1000
S17 2 5811000 5811999 35410 996
S17 2 5812000 5812999 39163 1000
S17 2 5813000 5813999 45607 1000
S17 2 5814000 5814999 44024 1000
S17 2 5815000 5815999 43187 1000
S17 2 5816000 5816999 44481 1000
S17 2 5817000 5817999 45783 1000
S17 2 5818000 5818999 44007 1000
S17 2 5819000 5819999 42968 1000
S17 2 5820000 5820999 46323 999
S17 2 5821000 5821999 50900 1000
S17 2 5822000 5822999 52484 1000
S17 2 5823000 5823999 42170 1000
S17 2 5824000 5824999 45722 998
S17 2 5825000 5825999 46755 1000
S17 2 5826000 5826999 48246 1000
S17 2 5827000 5827999 47062 1000
S17 2 5828000 5828999 39067 1000
S17 2 5829000 5829999 45886 1000
S17 2 5830000 5830999 45653 1000
S17 2 5831000 5831999 44121 999
S17 2 5832000 5832999 48064 1000
S17 2 5833000 5833999 45931 1000
S17 2 5834000 5834999 47924 1000
S17 2 5835000 5835999 49723 1000
S17 2 5836000 5836999 43526 1000
S17 2 5837000 5837999 41202 1000
S17 2 5838000 5838999 45265 1000
S17 2 5839000 5839999 47327 1000
S17 2 5840000 5840999 44796 1000
S17 2 5841000 5841999 44673 1000
S17 2 5842000 5842999 44261 1000
S17 2 5843000 5843999 44611 1000
S17 2 5844000 5844999 43074 1000
S17 2 5845000 5845999 46031 1000
S17 2 5846000 5846999 41524 1000
S17 2 5847000 5847999 46268 1000
S17 2 5848000 5848999 49294 1000
S17 2 5849000 5849999 10740 230
S18 2 5726000 5726999 38532 999
S18 2 5727000 5727999 34259 1000
S18 2 5728000 5728999 33870 999
S18 2 5729000 5729999 33775 1000
S18 2 5730000 5730999 27457 1000
S18 2 5731000 5731999 25285 1000
S18 2 5732000 5732999 27998 1000
S18 2 5733000 5733999 27636 1000
S18 2 5734000 5734999 31257 1000
S18 2 5735000 5735999 32562 999
S18 2 5736000 5736999 6213 997
S18 2 5737000 5737999 33424 999
S18 2 5738000 5738999 35132 1000
S18 2 5739000 5739999 25587 1000
S18 2 5740000 5740999 32329 1000
S18 2 5741000 5741999 31902 1000
S18 2 5742000 5742999 36863 1000
S18 2 5743000 5743999 41234 1000
S18 2 5744000 5744999 36116 1000
S18 2 5745000 5745999 39430 1000
S18 2 5746000 5746999 38723 1000
S18 2 5747000 5747999 40273 1000
S18 2 5748000 5748999 31710 1000
S18 2 5749000 5749999 36143 1000
S18 2 5750000 5750999 38590 1000
S18 2 5751000 5751999 38245 1000
S18 2 5752000 5752999 34092 1000
S18 2 5753000 5753999 34343 999
S18 2 5754000 5754999 38777 1000
S18 2 5755000 5755999 35502 1000
S18 2 5756000 5756999 39875 1000
S18 2 5757000 5757999 37503 1000
S18 2 5758000 5758999 44890 1000
S18 2 5759000 5759999 36816 994
S18 2 5760000 5760999 32788 1000
S18 2 5761000 5761999 33572 1000
S18 2 5762000 5762999 31814 1000
S18 2 5763000 5763999 35747 999
S18 2 5764000 5764999 35819 1000
S18 2 5765000 5765999 36593 999
S18 2 5766000 5766999 31204 999
S18 2 5767000 5767999 32973 1000
S18 2 5768000 5768999 39150 998
S18 2 5769000 5769999 37051 1000
S18 2 5770000 5770999 31683 1000
S18 2 5771000 5771999 39641 1000
S18 2 5772000 5772999 44684 1000
S18 2 5773000 5773999 38900 999
S18 2 5774000 5774999 37758 1000
S18 2 5775000 5775999 33322 1000
S18 2 5776000 5776999 33075 1000
S18 2 5777000 5777999 37340 1000
S18 2 5778000 5778999 36059 1000
S18 2 5779000 5779999 24947 997
S18 2 5780000 5780999 38452 968
S18 2 5781000 5781999 36649 1000
S18 2 5782000 5782999 40193 1000
S18 2 5783000 5783999 38518 1000
S18 2 5784000 5784999 41409 1000
S18 2 5785000 5785999 38740 1000
S18 2 5786000 5786999 34648 1000
S18 2 5787000 5787999 42579 1000
S18 2 5788000 5788999 38487 1000
S18 2 5789000 5789999 39927 1000
S18 2 5790000 5790999 33969 1000
S18 2 5791000 5791999 32687 1000
S18 2 5792000 5792999 33806 1000
S18 2 5793000 5793999 31651 1000
S18 2 5794000 5794999 32491 1000
S18 2 5795000 5795999 38895 1000
S18 2 5796000 5796999 37144 1000
S18 2 5797000 5797999 35718 1000
S18 2 5798000 5798999 14779 981
S18 2 5799000 5799999 32003 997
S18 2 5800000 5800999 34949 1000
S18 2 5801000 5801999 36147 1000
S18 2 5802000 5802999 35334 1000
S18 2 5803000 5803999 35927 1000
S18 2 5804000 5804999 38762 1000
S18 2 5805000 5805999 39084 1000
S18 2 5806000 5806999 39052 1000
S18 2 5807000 5807999 37973 1000
S18 2 5808000 5808999 36894 1000
S18 2 5809000 5809999 34490 1000
S18 2 5810000 5810999 32365 1000
S18 2 5811000 5811999 34058 996
S18 2 5812000 5812999 35618 1000
S18 2 5813000 5813999 37983 1000
S18 2 5814000 5814999 28846 1000
S18 2 5815000 5815999 35200 1000
S18 2 5816000 5816999 35725 1000
S18 2 5817000 5817999 38021 1000
S18 2 5818000 5818999 35317 1000
S18 2 5819000 5819999 40386 1000
S18 2 5820000 5820999 36959 999
S18 2 5821000 5821999 38686 1000
S18 2 5822000 5822999 35936 1000
S18 2 5823000 5823999 36793 1000
S18 2 5824000 5824999 35638 998
S18 2 5825000 5825999 36857 1000
S18 2 5826000 5826999 32466 1000
S18 2 5827000 5827999 36236 1000
S18 2 5828000 5828999 38698 1000
S18 2 5829000 5829999 37580 1000
S18 2 5830000 5830999 35245 1000
S18 2 5831000 5831999 38151 999
S18 2 5832000 5832999 42808 1000
S18 2 5833000 5833999 39762 1000
S18 2 5834000 5834999 37583 1000
S18 2 5835000 5835999 43893 1000
S18 2 5836000 5836999 27819 1000
S18 2 5837000 5837999 41116 1000
S18 2 5838000 5838999 34270 1000
S18 2 5839000 5839999 38035 1000
S18 2 5840000 5840999 42927 1000
S18 2 5841000 5841999 37542 1000
S18 2 5842000 5842999 36866 1000
S18 2 5843000 5843999 36823 1000
S18 2 5844000 5844999 31437 1000
S18 2 5845000 5845999 35958 1000
S18 2 5846000 5846999 36589 1000
S18 2 5847000 5847999 33508 1000
S18 2 5848000 5848999 36892 1000
S18 2 5849000 5849999 8872 230
S19 2 5726000 5726999 52774 999
S19 2 5727000 5727999 53728 1000
S19 2 5728000 5728999 42033 999
S19 2 5729000 5729999 42279 1000
S19 2 5730000 5730999 44641 1000
S19 2 5731000 5731999 42273 1000
S19 2 5732000 5732999 42872 1000
S19 2 5733000 5733999 38809 1000
S19 2 5734000 5734999 49350 1000
S19 2 5735000 5735999 43246 999
S19 2 5736000 5736999 7006 997
S19 2 5737000 5737999 17825 999
S19 2 5738000 5738999 44920 1000
S19 2 5739000 5739999 46451 1000
S19 2 5740000 5740999 44881 1000
S19 2 5741000 5741999 50434 1000
S19 2 5742000 5742999 52242 1000
S19 2 5743000 5743999 59808 1000
S19 2 5744000 5744999 47524 1000
S19 2 5745000 5745999 49823 1000
S19 2 5746000 5746999 51356 1000
S19 2 5747000 5747999 46066 1000
S19 2 5748000 5748999 48697 1000
S19 2 5749000 5749999 51997 1000
S19 2 5750000 5750999 48203 1000
S19 2 5751000 5751999 52564 1000
S19 2 5752000 5752999 47996 1000
S19 2 5753000 5753999 48966 999
S19 2 5754000 5754999 53616 1000
S19 2 5755000 5755999 51007 1000
S19 2 5756000 5756999 47230 1000
S19 2 5757000 5757999 53092 1000
S19 2 5758000 5758999 48735 1000
S19 2 5759000 5759999 47669 994
S19 2 5760000 5760999 49500 1000
S19 2 5761000 5761999 43874 1000
S19 2 5762000 5762999 46610 1000
S19 2 5763000 5763999 46684 999
S19 2 5764000 5764999 43069 1000
S19 2 5765000 5765999 52511 999
S19 2 5766000 5766999 49418 999
S19 2 5767000 5767999 46755 1000
S19 2 5768000 5768999 48632 998
S19 2 5769000 5769999 52013 1000
S19 2 5770000 5770999 48196 1000
S19 2 5771000 5771999 50679 1000
S19 2 5772000 5772999 51571 1000
S19 2 5773000 5773999 48952 999
S19 2 5774000 5774999 50830 1000
S19 2 5775000 5775999 53015 1000
S19 2 5776000 5776999 48931 1000
S19 2 5777000 5777999 45225 1000
S19 2 5778000 5778999 44370 1000
S19 2 5779000 5779999 34982 997
S19 2 5780000 5780999 38997 968
S19 2 5781000 5781999 50297 1000
S19 2 5782000 5782999 52455 1000
S19 2 5783000 5783999 45360 1000
S19 2 5784000 5784999 46706 1000
S19 2 5785000 5785999 44472 1000
S19 2 5786000 5786999 40456 1000
S19 2 5787000 5787999 50213 1000
S19 2 5788000 5788999 44656 1000
S19 2 5789000 5789999 54573 1000
S19 2 5790000 5790999 37767 1000
S19 2 5791000 5791999 42170 1000
S19 2 5792000 5792999 45485 1000
S19 2 5793000 5793999 49745 1000
S19 2 5794000 5794999 43448 1000
S19 2 5795000 5795999 47882 1000
S19 2 5796000 5796999 42965 1000
S19 2 5797000 5797999 45178 1000
S19 2 5798000 5798999 12295 981
S19 2 5799000 5799999 39294 997
S19 2 5800000 5800999 49934 1000
S19 2 5801000 5801999 52641 1000
S19 2 5802000 5802999 50402 1000
S19 2 5803000 5803999 47928 1000
S19 2 5804000 5804999 52244 1000
S19 2 5805000 5805999 46411 1000
S19 2 5806000 5806999 49218 1000
S19 2 5807000 5807999 49970 1000
S19 2 5808000 5808999 47216 1000
S19 2 5809000 5809999 44790 1000
S19 2 5810000 5810999 52465 1000
S19 2 5811000 5811999 46013 996
S19 2 5812000 5812999 48822 1000
S19 2 5813000 5813999 48199 1000
S19 2 5814000 5814999 48003 1000
S19 2 5815000 5815999 52742 1000
S19 2 5816000 5816999 51353 1000
S19 2 5817000 5817999 50914 1000
S19 2 5818000 5818999 51135 1000
S19 2 5819000 5819999 49853 1000
S19 2 5820000 5820999 48574 999
S19 2 5821000 5821999 53549 1000
S19 2 5822000 5822999 49816 1000
S19 2 5823000 5823999 49435 1000
S19 2 5824000 5824999 45086 998
S19 2 5825000 5825999 52670 1000
S19 2 5826000 5826999 50746 1000
S19 2 5827000 5827999 42037 1000
S19 2 5828000 5828999 46321 1000
S19 2 5829000 5829999 51895 1000
S19 2 5830000 5830999 52603 1000
S19 2 5831000 5831999 45486 999
S19 2 5832000 5832999 42622 1000
S19 2 5833000 5833999 53610 1000
S19 2 5834000 5834999 53453 1000
S19 2 5835000 5835999 54367 1000
S19 2 5836000 5836999 48551 1000
S19 2 5837000 5837999 56679 1000
S19 2 5838000 5838999 50633 1000
S19 2 5839000 5839999 46445 1000
S19 2 5840000 5840999 54472 1000
S19 2 5841000 5841999 52112 1000
S19 2 5842000 5842999 52060 1000
S19 2 5843000 5843999 50792 1000
S19 2 5844000 5844999 51550 1000
S19 2 5845000 5845999 41115 1000
S19 2 5846000 5846999 49057 1000
S19 2 5847000 5847999 50277 1000
S19 2 5848000 5848999 42634 1000
S19 2 5849000 5849999 9702 230
S2 2 5726000 5726999 43648 999
S2 2 5727000 5727999 41518 1000
S2 2 5728000 5728999 46451 999
S2 2 5729000 5729999 42391 1000
S2 2 5730000 5730999 42191 1000
S2 2 5731000 5731999 40632 1000
S2 2 5732000 5732999 40764 1000
S2 2 5733000 5733999 40188 1000
S2 2 5734000 5734999 37399 1000
S2 2 5735000 5735999 43719 999
S2 2 5736000 5736999 13968 997
S2 2 5737000 5737999 25758 999
S2 2 5738000 5738999 39961 1000
S2 2 5739000 5739999 40245 1000
S2 2 5740000 5740999 41111 1000
S2 2 5741000 5741999 40095 1000
S2 2 5742000 5742999 41582 1000
S2 2 5743000 5743999 39209 1000
S2 2 5744000 5744999 40998 1000
S2 2 5745000 5745999 43731 1000
S2 2 5746000 5746999 38897 1000
S2 2 5747000 5747999 40544 1000
S2 2 5748000 5748999 46567 1000
S2 2 5749000 5749999 41536 1000
S2 2 5750000 5750999 40657 1000
S2 2 5751000 5751999 41545 1000
S2 2 5752000 5752999 43619 1000
S2 2 5753000 5753999 41163 999
S2 2 5754000 5754999 41062 1000
S2 2 5755000 5755999 41066 1000
S2 2 5756000 5756999 43941 1000
S2 2 5757000 5757999 42827 1000
S2 2 5758000 5758999 36923 1000
S2 2 5759000 5759999 46260 994
S2 2 5760000 5760999 45890 1000
S2 2 5761000 5761999 46831 1000
S2 2 5762000 5762999 41691 1000
S2 2 5763000 5763999 44826 999
S2 2 5764000 5764999 44425 1000
S2 2 5765000 5765999 44477 999
S2 2 5766000 5766999 42356 999
S2 2 5767000 5767999 46380 1000
S2 2 5768000 5768999 47531 998
S2 2 5769000 5769999 46100 1000
S2 2 5770000 5770999 42366 1000
S2 2 5771000 5771999 37563 1000
S2 2 5772000 5772999 41085 1000
S2 2 5773000 5773999 38859 999
S2 2 5774000 5774999 39279 1000
S2 2 5775000 5775999 42875 1000
S2 2 5776000 5776999 43014 1000
S2 2 5777000 5777999 41060 1000
S2 2 5778000 5778999 37354 1000
S2 2 5779000 5779999 34212 997
S2 2 5780000 5780999 44524 968
S2 2 5781000 5781999 40611 1000
S2 2 5782000 5782999 39340 1000
S2 2 5783000 5783999 42652 1000
S2 2 5784000 5784999 38257 1000
S2 2 5785000 5785999 37475 1000
S2 2 5786000 5786999 33973 1000
S2 2 5787000 5787999 36301 1000
S2 2 5788000 5788999 38498 1000
S2 2 5789000 5789999 44636 1000
S2 2 5790000 5790999 48750 1000
S2 2 5791000 5791999 46367 1000
S2 2 5792000 5792999 37240 1000
S2 2 5793000 5793999 42351 1000
S2 2 5794000 5794999 41583 1000
S2 2 5795000 5795999 38193 1000
S2 2 5796000 5796999 35598 1000
S2 2 5797000 5797999 41304 1000
S2 2 5798000 5798999 46996 981
S2 2 5799000 5799999 41190 997
S2 2 5800000 5800999 40898 1000
S2 2 5801000 5801999 41046 1000
S2 2 5802000 5802999 41348 1000
S2 2 5803000 5803999 38645 1000
S2 2 5804000 5804999 43762 1000
S2 2 5805000 5805999 39495 1000
S2 2 5806000 5806999 37030 1000
S2 2 5807000 5807999 39419 1000
S2 2 5808000 5808999 37634 1000
S2 2 5809000 5809999 39679 1000
S2 2 5810000 5810999 39161 1000
S2 2 5811000 5811999 40684 996
S2 2 5812000 5812999 43599 1000
S2 2 5813000 5813999 41187 1000
S2 2 5814000 5814999 37619 1000
S2 2 5815000 5815999 42642 1000
S2 2 5816000 5816999 44220 1000
S2 2 5817000 5817999 41479 1000
S2 2 5818000 5818999 37653 1000
S2 2 5819000 5819999 40319 1000
S2 2 5820000 5820999 39544 999
S2 2 5821000 5821999 46927 1000
S2 2 5822000 5822999 46146 1000
S2 2 5823000 5823999 45559 1000
S2 2 5824000 5824999 42598 998
S2 2 5825000 5825999 40464 1000
S2 2 5826000 5826999 45413 1000
S2 2 5827000 5827999 48582 1000
S2 2 5828000 5828999 33282 1000
S2 2 5829000 5829999 38832 1000
S2 2 5830000 5830999 43995 1000
S2 2 5831000 5831999 45362 999
S2 2 5832000 5832999 41098 1000
S2 2 5833000 5833999 41812 1000
S2 2 5834000 5834999 39405 1000
S2 2 5835000 5835999 41948 1000
S2 2 5836000 5836999 38368 1000
S2 2 5837000 5837999 39361 1000
S2 2 5838000 5838999 42113 1000
S2 2 5839000 5839999 40493 1000
S2 2 5840000 5840999 40536 1000
S2 2 5841000 5841999 45402 1000
S2 2 5842000 5842999 36476 1000
S2 2 5843000 5843999 59995 1000
S2 2 5844000 5844999 40603 1000
S2 2 5845000 5845999 42604 1000
S2 2 5846000 5846999 37017 1000
S2 2 5847000 5847999 39384 1000
S2 2 5848000 5848999 43985 1000
S2 2 5849000 5849999 9143 230
S20 2 5726000 5726999 43699 999
S20 2 5727000 5727999 50781 1000
S20 2 5728000 5728999 53041 999
S20 2 5729000 5729999 47784 1000
S20 2 5730000 5730999 50442 1000
S20 2 5731000 5731999 49152 1000
S20 2 5732000 5732999 44767 1000
S20 2 5733000 5733999 42920 1000
S20 2 5734000 5734999 48416 1000
S20 2 5735000 5735999 41206 999
S20 2 5736000 5736999 9193 997
S20 2 5737000 5737999 21940 999
S20 2 5738000 5738999 49568 1000
S20 2 5739000 5739999 41278 1000
S20 2 5740000 5740999 48678 1000
S20 2 5741000 5741999 49451 1000
S20 2 5742000 5742999 48176 1000
S20 2 5743000 5743999 51945 1000
S20 2 5744000 5744999 47961 1000
S20 2 5745000 5745999 40602 1000
S20 2 5746000 5746999 49103 1000
S20 2 5747000 5747999 50200 1000
S20 2 5748000 5748999 49954 1000
S20 2 5749000 5749999 50931 1000
S20 2 5750000 5750999 50477 1000
S20 2 5751000 5751999 54241 1000
S20 2 5752000 5752999 50520 1000
S20 2 5753000 5753999 49278 999
S20 2 5754000 5754999 47659 1000
S20 2 5755000 5755999 53995 1000
S20 2 5756000 5756999 50799 1000
S20 2 5757000 5757999 46297 1000
S20 2 5758000 5758999 49223 1000
S20 2 5759000 5759999 49610 994
S20 2 5760000 5760999 43869 1000
S20 2 5761000 5761999 49394 1000
S20 2 5762000 5762999 42971 1000
S20 2 5763000 5763999 54286 999
S20 2 5764000 5764999 46880 1000
S20 2 5765000 5765999 49864 999
S20 2 5766000 5766999 50644 999
S20 2 5767000 5767999 48522 1000
S20 2 5768000 5768999 51010 998
S20 2 5769000 5769999 46455 1000
S20 2 5770000 5770999 50766 1000
S20 2 5771000 5771999 53437 1000
S20 2 5772000 5772999 49742 1000
S20 2 5773000 5773999 44987 999
S20 2 5774000 5774999 47440 1000
S20 2 5775000 5775999 50367 1000
S20 2 5776000 5776999 43619 1000
S20 2 5777000 5777999 41716 1000
S20 2 5778000 5778999 40271 1000
S20 2 5779000 5779999 30631 997
S20 2 5780000 5780999 44447 968
S20 2 5781000 5781999 45803 1000
S20 2 5782000 5782999 44434 1000
S20 2 5783000 5783999 42713 1000
S20 2 5784000 5784999 50364 1000
S20 2 5785000 5785999 49750 1000
S20 2 5786000 5786999 40488 1000
S20 2 5787000 5787999 44053 1000
S20 2 5788000 5788999 43825 1000
S20 2 5789000 5789999 53030 1000
S20 2 5790000 5790999 50043 1000
S20 2 5791000 5791999 45917 1000
S20 2 5792000 5792999 48530 1000
S20 2 5793000 5793999 46354 1000
S20 2 5794000 5794999 42867 1000
S20 2 5795000 5795999 39462 1000
S20 2 5796000 5796999 39218 1000
S20 2 5797000 5797999 44000 1000
S20 2 5798000 5798999 6688 981
S20 2 5799000 5799999 46289 997
S20 2 5800000 5800999 46154 1000
S20 2 5801000 5801999 43625 1000
S20 2 5802000 5802999 49507 1000
S20 2 5803000 5803999 52352 1000
S20 2 5804000 5804999 49149 1000
S20 2 5805000 5805999 52239 1000
S20 2 5806000 5806999 50350 1000
S20 2 5807000 5807999 50267 1000
S20 2 5808000 5808999 46404 1000
S20 2 5809000 5809999 49860 1000
S20 2 5810000 5810999 53119 1000
S20 2 5811000 5811999 52936 996
S20 2 5812000 5812999 53435 1000
S20 2 5813000 5813999 50413 1000
S20 2 5814000 5814999 47437 1000
S20 2 5815000 5815999 47204 1000
S20 2 5816000 5816999 47909 1000
S20 2 5817000 5817999 51092 1000
S20 2 5818000 5818999 46738 1000
S20 2 5819000 5819999 45558 1000
S20 2 5820000 5820999 45212 999
S20 2 5821000 5821999 49532 1000
S20 2 5822000 5822999 50911 1000
S20 2 5823000 5823999 47552 1000
S20 2 5824000 5824999 50622 998
S20 2 5825000 5825999 43936 1000
S20 2 5826000 5826999 48893 1000
S20 2 5827000 5827999 54035 1000
S20 2 5828000 5828999 51969 1000
S20 2 5829000 5829999 52195 1000
S20 2 5830000 5830999 45504 1000
S20 2 5831000 5831999 51047 999
S20 2 5832000 5832999 48699 1000
S20 2 5833000 5833999 50366 1000
S20 2 5834000 5834999 45232 1000
S20 2 5835000 5835999 47663 1000
S20 2 5836000 5836999 50934 1000
S20 2 5837000 5837999 48436 1000
S20 2 5838000 5838999 47670 1000
S20 2 5839000 5839999 51342 1000
S20 2 5840000 5840999 46798 1000
S20 2 5841000 5841999 50699 1000
S20 2 5842000 5842999 47878 1000
S20 2 5843000 5843999 47344 1000
S20 2 5844000 5844999 52815 1000
S20 2 5845000 5845999 54296 1000
S20 2 5846000 5846999 52641 1000
S20 2 5847000 5847999 47348 1000
S20 2 5848000 5848999 45107 1000
S20 2 5849000 5849999 9925 230
S21 2 5726000 5726999 50348 999
S21 2 5727000 5727999 52101 1000
S21 2 5728000 5728999 43763 999
S21 2 5729000 5729999 42431 1000
S21 2 5730000 5730999 45264 1000
S21 2 5731000 5731999 36734 1000
S21 2 5732000 5732999 41666 1000
S21 2 5733000 5733999 41831 1000
S21 2 5734000 5734999 41062 1000
S21 2 5735000 5735999 40810 999
S21 2 5736000 5736999 10656 997
S21 2 5737000 5737999 21508 999
S21 2 5738000 5738999 48030 1000
S21 2 5739000 5739999 43943 1000
S21 2 5740000 5740999 54745 1000
S21 2 5741000 5741999 46276 1000
S21 2 5742000 5742999 47140 1000
S21 2 5743000 5743999 52404 1000
S21 2 5744000 5744999 52573 1000
S21 2 5745000 5745999 47441 1000
S21 2 5746000 5746999 56552 1000
S21 2 5747000 5747999 56250 1000
S21 2 5748000 5748999 54325 1000
S21 2 5749000 5749999 56858 1000
S21 2 5750000 5750999 51900 1000
S21 2 5751000 5751999 50266 1000
S21 2 5752000 5752999 50098 1000
S21 2 5753000 5753999 53252 999
S21 2 5754000 5754999 49775 1000
S21 2 5755000 5755999 59533 1000
S21 2 5756000 5756999 55180 1000
S21 2 5757000 5757999 53879 1000
S21 2 5758000 5758999 60706 1000
S21 2 5759000 5759999 55455 994
S21 2 5760000 5760999 44161 1000
S21 2 5761000 5761999 54330 1000
S21 2 5762000 5762999 49615 1000
S21 2 5763000 5763999 53774 999
S21 2 5764000 5764999 52186 1000
S21 2 5765000 5765999 58092 999
S21 2 5766000 5766999 51533 999
S21 2 5767000 5767999 45604 1000
S21 2 5768000 5768999 53797 998
S21 2 5769000 5769999 49538 1000
S21 2 5770000 5770999 54127 1000
S21 2 5771000 5771999 58569 1000
S21 2 5772000 5772999 50149 1000
S21 2 5773000 5773999 47071 999
S21 2 5774000 5774999 49864 1000
S21 2 5775000 5775999 54113 1000
S21 2 5776000 5776999 47248 1000
S21 2 5777000 5777999 45024 1000
S21 2 5778000 5778999 45967 1000
S21 2 5779000 5779999 32974 997
S21 2 5780000 5780999 56385 968
S21 2 5781000 5781999 53447 1000
S21 2 5782000 5782999 55175 1000
S21 2 5783000 5783999 51766 1000
S21 2 5784000 5784999 53617 1000
S21 2 5785000 5785999 49966 1000
S21 2 5786000 5786999 43114 1000
S21 2 5787000 5787999 48171 1000
S21 2 5788000 5788999 51490 1000
S21 2 5789000 5789999 57067 1000
S21 2 5790000 5790999 50656 1000
S21 2 5791000 5791999 51924 1000
S21 2 5792000 5792999 42270 1000
S21 2 5793000 5793999 46466 1000
S21 2 5794000 5794999 43334 1000
S21 2 5795000 5795999 48532 1000
S21 2 5796000 5796999 50078 1000
S21 2 5797000 5797999 53753 1000
S21 2 5798000 5798999 27352 981
S21 2 5799000 5799999 53930 997
S21 2 5800000 5800999 48723 1000
S21 2 5801000 5801999 51851 1000
S21 2 5802000 5802999 48330 1000
S21 2 5803000 5803999 52577 1000
S21 2 5804000 5804999 54687 1000
S21 2 5805000 5805999 47662 1000
S21 2 5806000 5806999 49406 1000
S21 2 5807000 5807999 53125 1000
S21 2 5808000 5808999 53973 1000
S21 2 5809000 5809999 49806 1000
S21 2 5810000 5810999 46393 1000
S21 2 5811000 5811999 44424 996
S21 2 5812000 5812999 45053 1000
S21 2 5813000 5813999 54870 1000
S21 2 5814000 5814999 55664 1000
S21 2 5815000 5815999 55656 1000
S21 2 5816000 5816999 59682 1000
S21 2 5817000 5817999 62975 1000
S21 2 5818000 5818999 53828 1000
S21 2 5819000 5819999 49918 1000
S21 2 5820000 5820999 51991 999
S21 2 5821000 5821999 50615 1000
S21 2 5822000 5822999 54454 1000
S21 2 5823000 5823999 56340 1000
S21 2 5824000 5824999 50784 998
S21 2 5825000 5825999 55912 1000
S21 2 5826000 5826999 55167 1000
S21 2 5827000 5827999 54471 1000
S21 2 5828000 5828999 44653 1000
S21 2 5829000 5829999 55804 1000
S21 2 5830000 5830999 47750 1000
S21 2 5831000 5831999 51180 999
S21 2 5832000 5832999 48660 1000
S21 2 5833000 5833999 47456 1000
S21 2 5834000 5834999 58645 1000
S21 2 5835000 5835999 55469 1000
S21 2 5836000 5836999 56602 1000
S21 2 5837000 5837999 52383 1000
S21 2 5838000 5838999 49377 1000
S21 2 5839000 5839999 58948 1000
S21 2 5840000 5840999 61158 1000
S21 2 5841000 5841999 60536 1000
S21 2 5842000 5842999 50254 1000
S21 2 5843000 5843999 54131 1000
S21 2 5844000 5844999 47763 1000
S21 2 5845000 5845999 49983 1000
S21 2 5846000 5846999 53292 1000
S21 2 5847000 5847999 55068 1000
S21 2 5848000 5848999 54655 1000
S21 2 5849000 5849999 11916 230
S22 2 5726000 5726999 32455 999
S22 2 5727000 5727999 36610 1000
S22 2 5728000 5728999 21097 999
S22 2 5729000 5729999 13127 1000
S22 2 5730000 5730999 18278 1000
S22 2 5731000 5731999 21297 1000
S22 2 5732000 5732999 26272 1000
S22 2 5733000 5733999 21587 1000
S22 2 5734000 5734999 32230 1000
S22 2 5735000 5735999 24328 999
S22 2 5736000 5736999 6898 997
S22 2 5737000 5737999 8578 999
S22 2 5738000 5738999 26408 1000
S22 2 5739000 5739999 33822 1000
S22 2 5740000 5740999 26541 1000
S22 2 5741000 5741999 31713 1000
S22 2 5742000 5742999 33192 1000
S22 2 5743000 5743999 42224 1000
S22 2 5744000 5744999 40640 1000
S22 2 5745000 5745999 44551 1000
S22 2 5746000 5746999 39869 1000
S22 2 5747000 5747999 38313 1000
S22 2 5748000 5748999 35427 1000
S22 2 5749000 5749999 35110 1000
S22 2 5750000 5750999 25952 1000
S22 2 5751000 5751999 28560 1000
S22 2 5752000 5752999 26481 1000
S22 2 5753000 5753999 35794 999
S22 2 5754000 5754999 38736 1000
S22 2 5755000 5755999 22432 1000
S22 2 5756000 5756999 30202 1000
S22 2 5757000 5757999 38228 1000
S22 2 5758000 5758999 39478 1000
S22 2 5759000 5759999 35056 994
S22 2 5760000 5760999 35215 1000
S22 2 5761000 5761999 29258 1000
S22 2 5762000 5762999 25424 1000
S22 2 5763000 5763999 35404 999
S22 2 5764000 5764999 26025 1000
S22 2 5765000 5765999 41057 999
S22 2 5766000 5766999 28714 999
S22 2 5767000 5767999 33010 1000
S22 2 5768000 5768999 39165 998
S22 2 5769000 5769999 38528 1000
S22 2 5770000 5770999 29097 1000
S22 2 5771000 5771999 39949 1000
S22 2 5772000 5772999 32725 1000
S22 2 5773000 5773999 36257 999
S22 2 5774000 5774999 39366 1000
S22 2 5775000 5775999 43828 1000
S22 2 5776000 5776999 33111 1000
S22 2 5777000 5777999 25577 1000
S22 2 5778000 5778999 25845 1000
S22 2 5779000 5779999 21575 997
S22 2 5780000 5780999 18629 968
S22 2 5781000 5781999 36633 1000
S22 2 5782000 5782999 44529 1000
S22 2 5783000 5783999 33585 1000
S22 2 5784000 5784999 23790 1000
S22 2 5785000 5785999 28063 1000
S22 2 5786000 5786999 38488 1000
S22 2 5787000 5787999 40876 1000
S22 2 5788000 5788999 45284 1000
S22 2 5789000 5789999 35786 1000
S22 2 5790000 5790999 22792 1000
S22 2 5791000 5791999 19549 1000
S22 2 5792000 5792999 23106 1000
S22 2 5793000 5793999 34079 1000
S22 2 5794000 5794999 37652 1000
S22 2 5795000 5795999 44651 1000
S22 2 5796000 5796999 38999 1000
S22 2 5797000 5797999 29089 1000
S22 2 5798000 5798999 4050 981
S22 2 5799000 5799999 27534 997
S22 2 5800000 5800999 42295 1000
S22 2 5801000 5801999 41715 1000
S22 2 5802000 5802999 43159 1000
S22 2 5803000 5803999 38013 1000
S22 2 5804000 5804999 39059 1000
S22 2 5805000 5805999 36898 1000
S22 2 5806000 5806999 40727 1000
S22 2 5807000 5807999 37140 1000
S22 2 5808000 5808999 36369 1000
S22 2 5809000 5809999 25730 1000
S22 2 5810000 5810999 30579 1000
S22 2 5811000 5811999 23189 996
S22 2 5812000 5812999 26482 1000
S22 2 5813000 5813999 34806 1000
S22 2 5814000 5814999 33087 1000
S22 2 5815000 5815999 30134 1000
S22 2 5816000 5816999 35946 1000
S22 2 5817000 5817999 44139 1000
S22 2 5818000 5818999 50795 1000
S22 2 5819000 5819999 50127 1000
S22 2 5820000 5820999 30245 999
S22 2 5821000 5821999 28986 1000
S22 2 5822000 5822999 38701 1000
S22 2 5823000 5823999 32359 1000
S22 2 5824000 5824999 26965 998
S22 2 5825000 5825999 35461 1000
S22 2 5826000 5826999 38935 1000
S22 2 5827000 5827999 27644 1000
S22 2 5828000 5828999 38569 1000
S22 2 5829000 5829999 36976 1000
S22 2 5830000 5830999 34240 1000
S22 2 5831000 5831999 32916 999
S22 2 5832000 5832999 39028 1000
S22 2 5833000 5833999 36578 1000
S22 2 5834000 5834999 48818 1000
S22 2 5835000 5835999 29033 1000
S22 2 5836000 5836999 27722 1000
S22 2 5837000 5837999 38018 1000
S22 2 5838000 5838999 29262 1000
S22 2 5839000 5839999 24988 1000
S22 2 5840000 5840999 36740 1000
S22 2 5841000 5841999 31474 1000
S22 2 5842000 5842999 42007 1000
S22 2 5843000 5843999 28277 1000
S22 2 5844000 5844999 37367 1000
S22 2 5845000 5845999 32530 1000
S22 2 5846000 5846999 30541 1000
S22 2 5847000 5847999 34522 1000
S22 2 5848000 5848999 28220 1000
S22 2 5849000 5849999 10603 230
S3 2 5726000 5726999 46764 999
S3 2 5727000 5727999 48219 1000
S3 2 5728000 5728999 48410 999
S3 2 5729000 5729999 48198 1000
S3 2 5730000 5730999 49002 1000
S3 2 5731000 5731999 42558 1000
S3 2 5732000 5732999 41600 1000
S3 2 5733000 5733999 41825 1000
S3 2 5734000 5734999 44972 1000
S3 2 5735000 5735999 43403 999
S3 2 5736000 5736999 9253 997
S3 2 5737000 5737999 29373 999
S3 2 5738000 5738999 51354 1000
S3 2 5739000 5739999 46199 1000
S3 2 5740000 5740999 48768 1000
S3 2 5741000 5741999 47208 1000
S3 2 5742000 5742999 56452 1000
S3 2 5743000 5743999 55172 1000
S3 2 5744000 5744999 50565 1000
S3 2 5745000 5745999 60821 1000
S3 2 5746000 5746999 55213 1000
S3 2 5747000 5747999 54768 1000
S3 2 5748000 5748999 54320 1000
S3 2 5749000 5749999 58917 1000
S3 2 5750000 5750999 58984 1000
S3 2 5751000 5751999 57179 1000
S3 2 5752000 5752999 52009 1000
S3 2 5753000 5753999 55719 999
S3 2 5754000 5754999 46962 1000
S3 2 5755000 5755999 61660 1000
S3 2 5756000 5756999 57237 1000
S3 2 5757000 5757999 56334 1000
S3 2 5758000 5758999 58492 1000
S3 2 5759000 5759999 55898 994
S3 2 5760000 5760999 48233 1000
S3 2 5761000 5761999 49274 1000
S3 2 5762000 5762999 51150 1000
S3 2 5763000 5763999 46956 999
S3 2 5764000 5764999 45714 1000
S3 2 5765000 5765999 44553 999
S3 2 5766000 5766999 49580 999
S3 2 5767000 5767999 49589 1000
S3 2 5768000 5768999 52161 998
S3 2 5769000 5769999 51877 1000
S3 2 5770000 5770999 44847 1000
S3 2 5771000 5771999 53694 1000
S3 2 5772000 5772999 56796 1000
S3 2 5773000 5773999 58632 999
S3 2 5774000 5774999 51161 1000
S3 2 5775000 5775999 48828 1000
S3 2 5776000 5776999 45522 1000
S3 2 5777000 5777999 49424 1000
S3 2 5778000 5778999 49110 1000
S3 2 5779000 5779999 33707 997
S3 2 5780000 5780999 56165 968
S3 2 5781000 5781999 56009 1000
S3 2 5782000 5782999 60149 1000
S3 2 5783000 5783999 52653 1000
S3 2 5784000 5784999 55406 1000
S3 2 5785000 5785999 58331 1000
S3 2 5786000 5786999 41638 1000
S3 2 5787000 5787999 56137 1000
S3 2 5788000 5788999 50807 1000
S3 2 5789000 5789999 50141 1000
S3 2 5790000 5790999 58112 1000
S3 2 5791000 5791999 54199 1000
S3 2 5792000 5792999 59615 1000
S3 2 5793000 5793999 49591 1000
S3 2 5794000 5794999 45032 1000
S3 2 5795000 5795999 45959 1000
S3 2 5796000 5796999 44808 1000
S3 2 5797000 5797999 59016 1000
S3 2 5798000 5798999 17999 981
S3 2 5799000 5799999 52596 997
S3 2 5800000 5800999 46881 1000
S3 2 5801000 5801999 46124 1000
S3 2 5802000 5802999 54933 1000
S3 2 5803000 5803999 49345 1000
S3 2 5804000 5804999 46849 1000
S3 2 5805000 5805999 47365 1000
S3 2 5806000 5806999 51894 1000
S3 2 5807000 5807999 49938 1000
S3 2 5808000 5808999 48013 1000
S3 2 5809000 5809999 51122 1000
S3 2 5810000 5810999 42903 1000
S3 2 5811000 5811999 50423 996
S3 2 5812000 5812999 45272 1000
S3 2 5813000 5813999 54366 1000
S3 2 5814000 5814999 48915 1000
S3 2 5815000 5815999 47352 1000
S3 2 5816000 5816999 52111 1000
S3 2 5817000 5817999 58600 1000
S3 2 5818000 5818999 48741 1000
S3 2 5819000 5819999 59330 1000
S3 2 5820000 5820999 54924 999
S3 2 5821000 5821999 56866 1000
S3 2 5822000 5822999 53167 1000
S3 2 5823000 5823999 54892 1000
S3 2 5824000 5824999 51080 998
S3 2 5825000 5825999 54687 1000
S3 2 5826000 5826999 58656 1000
S3 2 5827000 5827999 54814 1000
S3 2 5828000 5828999 50549 1000
S3 2 5829000 5829999 52740 1000
S3 2 5830000 5830999 56672 1000
S3 2 5831000 5831999 57151 999
S3 2 5832000 5832999 53557 1000
S3 2 5833000 5833999 65644 1000
S3 2 5834000 5834999 66245 1000
S3 2 5835000 5835999 67829 1000
S3 2 5836000 5836999 60904 1000
S3 2 5837000 5837999 50661 1000
S3 2 5838000 5838999 56149 1000
S3 2 5839000 5839999 64825 1000
S3 2 5840000 5840999 60139 1000
S3 2 5841000 5841999 65277 1000
S3 2 5842000 5842999 46928 1000
S3 2 5843000 5843999 56330 1000
S3 2 5844000 5844999 48916 1000
S3 2 5845000 5845999 54632 1000
S3 2 5846000 5846999 57909 1000
S3 2 5847000 5847999 48081 1000
S3 2 5848000 5848999 54959 1000
S3 2 5849000 5849999 12974 230
S4 2 5726000 5726999 46252 999
S4 2 5727000 5727999 53003 1000
S4 2 5728000 5728999 37233 999
S4 2 5729000 5729999 34678 1000
S4 2 5730000 5730999 37770 1000
S4 2 5731000 5731999 41735 1000
S4 2 5732000 5732999 43176 1000
S4 2 5733000 5733999 44744 1000
S4 2 5734000 5734999 41390 1000
S4 2 5735000 5735999 41330 999
S4 2 5736000 5736999 7498 997
S4 2 5737000 5737999 13031 999
S4 2 5738000 5738999 40754 1000
S4 2 5739000 5739999 43275 1000
S4 2 5740000 5740999 40465 1000
S4 2 5741000 5741999 37866 1000
S4 2 5742000 5742999 38447 1000
S4 2 5743000 5743999 42887 1000
S4 2 5744000 5744999 43931 1000
S4 2 5745000 5745999 46915 1000
S4 2 5746000 5746999 44352 1000
S4 2 5747000 5747999 44166 1000
S4 2 5748000 5748999 48711 1000
S4 2 5749000 5749999 45430 1000
S4 2 5750000 5750999 43103 1000
S4 2 5751000 5751999 48627 1000
S4 2 5752000 5752999 48408 1000
S4 2 5753000 5753999 48520 999
S4 2 5754000 5754999 43586 1000
S4 2 5755000 5755999 46921 1000
S4 2 5756000 5756999 41028 1000
S4 2 5757000 5757999 39903 1000
S4 2 5758000 5758999 45344 1000
S4 2 5759000 5759999 41692 994
S4 2 5760000 5760999 44781 1000
S4 2 5761000 5761999 47532 1000
S4 2 5762000 5762999 41157 1000
S4 2 5763000 5763999 46523 999
S4 2 5764000 5764999 49538 1000
S4 2 5765000 5765999 44107 999
S4 2 5766000 5766999 43003 999
S4 2 5767000 5767999 44451 1000
S4 2 5768000 5768999 51955 998
S4 2 5769000 5769999 51096 1000
S4 2 5770000 5770999 43815 1000
S4 2 5771000 5771999 48338 1000
S4 2 5772000 5772999 44294 1000
S4 2 5773000 5773999 42840 999
S4 2 5774000 5774999 42463 1000
S4 2 5775000 5775999 42195 1000
S4 2 5776000 5776999 41529 1000
S4 2 5777000 5777999 38861 1000
S4 2 5778000 5778999 38832 1000
S4 2 5779000 5779999 27916 997
S4 2 5780000 5780999 44043 968
S4 2 5781000 5781999 44188 1000
S4 2 5782000 5782999 47511 1000
S4 2 5783000 5783999 38914 1000
S4 2 5784000 5784999 39294 1000
S4 2 5785000 5785999 39912 1000
S4 2 5786000 5786999 36270 1000
S4 2 5787000 5787999 43235 1000
S4 2 5788000 5788999 43659 1000
S4 2 5789000 5789999 42842 1000
S4 2 5790000 5790999 41149 1000
S4 2 5791000 5791999 39524 1000
S4 2 5792000 5792999 35156 1000
S4 2 5793000 5793999 44206 1000
S4 2 5794000 5794999 41072 1000
S4 2 5795000 5795999 41239 1000
S4 2 5796000 5796999 40018 1000
S4 2 5797000 5797999 41111 1000
S4 2 5798000 5798999 10835 981
S4 2 5799000 5799999 36315 997
S4 2 5800000 5800999 46562 1000
S4 2 5801000 5801999 45979 1000
S4 2 5802000 5802999 52232 1000
S4 2 5803000 5803999 39790 1000
S4 2 5804000 5804999 49334 1000
S4 2 5805000 5805999 45788 1000
S4 2 5806000 5806999 39720 1000
S4 2 5807000 5807999 41381 1000
S4 2 5808000 5808999 46694 1000
S4 2 5809000 5809999 41349 1000
S4 2 5810000 5810999 41631 1000
S4 2 5811000 5811999 35484 996
S4 2 5812000 5812999 46638 1000
S4 2 5813000 5813999 46478 1000
S4 2 5814000 5814999 43304 1000
S4 2 5815000 5815999 49762 1000
S4 2 5816000 5816999 48020 1000
S4 2 5817000 5817999 50788 1000
S4 2 5818000 5818999 49525 1000
S4 2 5819000 5819999 43247 1000
S4 2 5820000 5820999 45029 999
S4 2 5821000 5821999 47907 1000
S4 2 5822000 5822999 51795 1000
S4 2 5823000 5823999 44851 1000
S4 2 5824000 5824999 45833 998
S4 2 5825000 5825999 51247 1000
S4 2 5826000 5826999 49038 1000
S4 2 5827000 5827999 45458 1000
S4 2 5828000 5828999 40473 1000
S4 2 5829000 5829999 40871 1000
S4 2 5830000 5830999 48511 1000
S4 2 5831000 5831999 41632 999
S4 2 5832000 5832999 43143 1000
S4 2 5833000 5833999 44242 1000
S4 2 5834000 5834999 41955 1000
S4 2 5835000 5835999 47722 1000
S4 2 5836000 5836999 41569 1000
S4 2 5837000 5837999 43654 1000
S4 2 5838000 5838999 47911 1000
S4 2 5839000 5839999 37300 1000
S4 2 5840000 5840999 47177 1000
S4 2 5841000 5841999 43878 1000
S4 2 5842000 5842999 43151 1000
S4 2 5843000 5843999 46574 1000
S4 2 5844000 5844999 47468 1000
S4 2 5845000 5845999 44581 1000
S4 2 5846000 5846999 47726 1000
S4 2 5847000 5847999 44984 1000
S4 2 5848000 5848999 44565 1000
S4 2 5849000 5849999 10263 230
S5 2 5726000 5726999 40474 999
S5 2 5727000 5727999 41700 1000
S5 2 5728000 5728999 44775 999
S5 2 5729000 5729999 46311 1000
S5 2 5730000 5730999 45864 1000
S5 2 5731000 5731999 46921 1000
S5 2 5732000 5732999 44128 1000
S5 2 5733000 5733999 38223 1000
S5 2 5734000 5734999 41748 1000
S5 2 5735000 5735999 38308 999
S5 2 5736000 5736999 8574 997
S5 2 5737000 5737999 12561 999
S5 2 5738000 5738999 42195 1000
S5 2 5739000 5739999 38295 1000
S5 2 5740000 5740999 52459 1000
S5 2 5741000 5741999 43786 1000
S5 2 5742000 5742999 47234 1000
S5 2 5743000 5743999 42679 1000
S5 2 5744000 5744999 39634 1000
S5 2 5745000 5745999 41817 1000
S5 2 5746000 5746999 39987 1000
S5 2 5747000 5747999 43211 1000
S5 2 5748000 5748999 42382 1000
S5 2 5749000 5749999 38373 1000
S5 2 5750000 5750999 45854 1000
S5 2 5751000 5751999 41507 1000
S5 2 5752000 5752999 42650 1000
S5 2 5753000 5753999 44564 999
S5 2 5754000 5754999 39814 1000
S5 2 5755000 5755999 46288 1000
S5 2 5756000 5756999 46661 1000
S5 2 5757000 5757999 43174 1000
S5 2 5758000 5758999 42640 1000
S5 2 5759000 5759999 43806 994
S5 2 5760000 5760999 40273 1000
S5 2 5761000 5761999 44587 1000
S5 2 5762000 5762999 40581 1000
S5 2 5763000 5763999 42494 999
S5 2 5764000 5764999 39031 1000
S5 2 5765000 5765999 43697 999
S5 2 5766000 5766999 40988 999
S5 2 5767000 5767999 37152 1000
S5 2 5768000 5768999 42348 998
S5 2 5769000 5769999 42937 1000
S5 2 5770000 5770999 44250 1000
S5 2 5771000 5771999 40907 1000
S5 2 5772000 5772999 41068 1000
S5 2 5773000 5773999 38763 999
S5 2 5774000 5774999 44091 1000
S5 2 5775000 5775999 41791 1000
S5 2 5776000 5776999 41193 1000
S5 2 5777000 5777999 42710 1000
S5 2 5778000 5778999 42130 1000
S5 2 5779000 5779999 33109 997
S5 2 5780000 5780999 48505 968
S5 2 5781000 5781999 40355 1000
S5 2 5782000 5782999 40927 1000
S5 2 5783000 5783999 40778 1000
S5 2 5784000 5784999 41767 1000
S5 2 5785000 5785999 43478 1000
S5 2 5786000 5786999 36044 1000
S5 2 5787000 5787999 40484 1000
S5 2 5788000 5788999 41836 1000
S5 2 5789000 5789999 39115 1000
S5 2 5790000 5790999 45469 1000
S5 2 5791000 5791999 46800 1000
S5 2 5792000 5792999 42672 1000
S5 2 5793000 5793999 44158 1000
S5 2 5794000 5794999 40953 1000
S5 2 5795000 5795999 40929 1000
S5 2 5796000 5796999 38133 1000
S5 2 5797000 5797999 41999 1000
S5 2 5798000 5798999 14145 981
S5 2 5799000 5799999 40957 997
S5 2 5800000 5800999 38014 1000
S5 2 5801000 5801999 41754 1000
S5 2 5802000 5802999 42022 1000
S5 2 5803000 5803999 39685 1000
S5 2 5804000 5804999 43724 1000
S5 2 5805000 5805999 45954 1000
S5 2 5806000 5806999 43462 1000
S5 2 5807000 5807999 44045 1000
S5 2 5808000 5808999 42792 1000
S5 2 5809000 5809999 44468 1000
S5 2 5810000 5810999 39713 1000
S5 2 5811000 5811999 42459 996
S5 2 5812000 5812999 45965 1000
S5 2 5813000 5813999 39541 1000
S5 2 5814000 5814999 42360 1000
S5 2 5815000 5815999 42948 1000
S5 2 5816000 5816999 44293 1000
S5 2 5817000 5817999 40900 1000
S5 2 5818000 5818999 41275 1000
S5 2 5819000 5819999 39572 1000
S5 2 5820000 5820999 42778 999
S5 2 5821000 5821999 45386 1000
S5 2 5822000 5822999 47149 1000
S5 2 5823000 5823999 43200 1000
S5 2 5824000 5824999 41544 998
S5 2 5825000 5825999 39028 1000
S5 2 5826000 5826999 44665 1000
S5 2 5827000 5827999 42583 1000
S5 2 5828000 5828999 41841 1000
S5 2 5829000 5829999 44544 1000
S5 2 5830000 5830999 43467 1000
S5 2 5831000 5831999 41376 999
S5 2 5832000 5832999 38300 1000
S5 2 5833000 5833999 44133 1000
S5 2 5834000 5834999 40176 1000
S5 2 5835000 5835999 46745 1000
S5 2 5836000 5836999 42889 1000
S5 2 5837000 5837999 40542 1000
S5 2 5838000 5838999 49159 1000
S5 2 5839000 5839999 41587 1000
S5 2 5840000 5840999 40859 1000
S5 2 5841000 5841999 45798 1000
S5 2 5842000 5842999 45952 1000
S5 2 5843000 5843999 47080 1000
S5 2 5844000 5844999 42157 1000
S5 2 5845000 5845999 43206 1000
S5 2 5846000 5846999 42998 1000
S5 2 5847000 5847999 35951 1000
S5 2 5848000 5848999 47901 1000
S5 2 5849000 5849999 10176 230
S6 2 5726000 5726999 41728 999
S6 2 5727000 5727999 42167 1000
S6 2 5728000 5728999 43757 999
S6 2 5729000 5729999 47914 1000
S6 2 5730000 5730999 48462 1000
S6 2 5731000 5731999 39669 1000
S6 2 5732000 5732999 47587 1000
S6 2 5733000 5733999 38546 1000
S6 2 5734000 5734999 42606 1000
S6 2 5735000 5735999 44623 999
S6 2 5736000 5736999 13121 997
S6 2 5737000 5737999 37419 999
S6 2 5738000 5738999 53809 1000
S6 2 5739000 5739999 43610 1000
S6 2 5740000 5740999 48114 1000
S6 2 5741000 5741999 45475 1000
S6 2 5742000 5742999 45625 1000
S6 2 5743000 5743999 45971 1000
S6 2 5744000 5744999 50912 1000
S6 2 5745000 5745999 48699 1000
S6 2 5746000 5746999 46222 1000
S6 2 5747000 5747999 47019 1000
S6 2 5748000 5748999 50134 1000
S6 2 5749000 5749999 46227 1000
S6 2 5750000 5750999 42591 1000
S6 2 5751000 5751999 53122 1000
S6 2 5752000 5752999 48329 1000
S6 2 5753000 5753999 50346 999
S6 2 5754000 5754999 46994 1000
S6 2 5755000 5755999 50022 1000
S6 2 5756000 5756999 47724 1000
S6 2 5757000 5757999 43327 1000
S6 2 5758000 5758999 43005 1000
S6 2 5759000 5759999 44772 994
S6 2 5760000 5760999 44586 1000
S6 2 5761000 5761999 42735 1000
S6 2 5762000 5762999 41735 1000
S6 2 5763000 5763999 50245 999
S6 2 5764000 5764999 42230 1000
S6 2 5765000 5765999 48648 999
S6 2 5766000 5766999 46853 999
S6 2 5767000 5767999 46728 1000
S6 2 5768000 5768999 45607 998
S6 2 5769000 5769999 46889 1000
S6 2 5770000 5770999 43766 1000
S6 2 5771000 5771999 45060 1000
S6 2 5772000 5772999 50686 1000
S6 2 5773000 5773999 43804 999
S6 2 5774000 5774999 45248 1000
S6 2 5775000 5775999 48500 1000
S6 2 5776000 5776999 46956 1000
S6 2 5777000 5777999 43688 1000
S6 2 5778000 5778999 41346 1000
S6 2 5779000 5779999 30852 997
S6 2 5780000 5780999 45209 968
S6 2 5781000 5781999 53780 1000
S6 2 5782000 5782999 41532 1000
S6 2 5783000 5783999 43638 1000
S6 2 5784000 5784999 50153 1000
S6 2 5785000 5785999 43289 1000
S6 2 5786000 5786999 41889 1000
S6 2 5787000 5787999 41105 1000
S6 2 5788000 5788999 39592 1000
S6 2 5789000 5789999 45294 1000
S6 2 5790000 5790999 42390 1000
S6 2 5791000 5791999 48463 1000
S6 2 5792000 5792999 48812 1000
S6 2 5793000 5793999 46918 1000
S6 2 5794000 5794999 41081 1000
S6 2 5795000 5795999 39248 1000
S6 2 5796000 5796999 40385 1000
S6 2 5797000 5797999 41181 1000
S6 2 5798000 5798999 19774 981
S6 2 5799000 5799999 41303 997
S6 2 5800000 5800999 44388 1000
S6 2 5801000 5801999 41697 1000
S6 2 5802000 5802999 48364 1000
S6 2 5803000 5803999 47725 1000
S6 2 5804000 5804999 47032 1000
S6 2 5805000 5805999 44774 1000
S6 2 5806000 5806999 48456 1000
S6 2 5807000 5807999 51360 1000
S6 2 5808000 5808999 46030 1000
S6 2 5809000 5809999 40964 1000
S6 2 5810000 5810999 43905 1000
S6 2 5811000 5811999 45251 996
S6 2 5812000 5812999 39540 1000
S6 2 5813000 5813999 49370 1000
S6 2 5814000 5814999 48379 1000
S6 2 5815000 5815999 42913 1000
S6 2 5816000 5816999 42444 1000
S6 2 5817000 5817999 39239 1000
S6 2 5818000 5818999 42994 1000
S6 2 5819000 5819999 39264 1000
S6 2 5820000 5820999 43918 999
S6 2 5821000 5821999 44922 1000
S6 2 5822000 5822999 43425 1000
S6 2 5823000 5823999 45269 1000
S6 2 5824000 5824999 43629 998
S6 2 5825000 5825999 44021 1000
S6 2 5826000 5826999 42656 1000
S6 2 5827000 5827999 44116 1000
S6 2 5828000 5828999 41172 1000
S6 2 5829000 5829999 43064 1000
S6 2 5830000 5830999 45878 1000
S6 2 5831000 5831999 50606 999
S6 2 5832000 5832999 47979 1000
S6 2 5833000 5833999 50222 1000
S6 2 5834000 5834999 45860 1000
S6 2 5835000 5835999 53141 1000
S6 2 5836000 5836999 50235 1000
S6 2 5837000 5837999 40608 1000
S6 2 5838000 5838999 46698 1000
S6 2 5839000 5839999 45789 1000
S6 2 5840000 5840999 50295 1000
S6 2 5841000 5841999 49064 1000
S6 2 5842000 5842999 47856 1000
S6 2 5843000 5843999 47570 1000
S6 2 5844000 5844999 43621 1000
S6 2 5845000 5845999 45017 1000
S6 2 5846000 5846999 47669 1000
S6 2 5847000 5847999 43975 1000
S6 2 5848000 5848999 47137 1000
S6 2 5849000 5849999 11268 230
S7 2 5726000 5726999 32176 999
S7 2 5727000 5727999 36359 1000
S7 2 5728000 5728999 31066 999
S7 2 5729000 5729999 27609 1000
S7 2 5730000 5730999 32267 1000
S7 2 5731000 5731999 31076 1000
S7 2 5732000 5732999 33217 1000
S7 2 5733000 5733999 31249 1000
S7 2 5734000 5734999 34977 1000
S7 2 5735000 5735999 31907 999
S7 2 5736000 5736999 6171 997
S7 2 5737000 5737999 14015 999
S7 2 5738000 5738999 34905 1000
S7 2 5739000 5739999 35499 1000
S7 2 5740000 5740999 29388 1000
S7 2 5741000 5741999 33115 1000
S7 2 5742000 5742999 33261 1000
S7 2 5743000 5743999 32888 1000
S7 2 5744000 5744999 35418 1000
S7 2 5745000 5745999 28829 1000
S7 2 5746000 5746999 37658 1000
S7 2 5747000 5747999 31275 1000
S7 2 5748000 5748999 32373 1000
S7 2 5749000 5749999 33261 1000
S7 2 5750000 5750999 29156 1000
S7 2 5751000 5751999 34055 1000
S7 2 5752000 5752999 34015 1000
S7 2 5753000 5753999 34131 999
S7 2 5754000 5754999 33274 1000
S7 2 5755000 5755999 28381 1000
S7 2 5756000 5756999 28502 1000
S7 2 5757000 5757999 32709 1000
S7 2 5758000 5758999 38520 1000
S7 2 5759000 5759999 30905 994
S7 2 5760000 5760999 34951 1000
S7 2 5761000 5761999 34732 1000
S7 2 5762000 5762999 34552 1000
S7 2 5763000 5763999 38168 999
S7 2 5764000 5764999 30495 1000
S7 2 5765000 5765999 38152 999
S7 2 5766000 5766999 28547 999
S7 2 5767000 5767999 34648 1000
S7 2 5768000 5768999 34207 998
S7 2 5769000 5769999 39072 1000
S7 2 5770000 5770999 31148 1000
S7 2 5771000 5771999 34126 1000
S7 2 5772000 5772999 33434 1000
S7 2 5773000 5773999 31788 999
S7 2 5774000 5774999 30120 1000
S7 2 5775000 5775999 36211 1000
S7 2 5776000 5776999 33051 1000
S7 2 5777000 5777999 31619 1000
S7 2 5778000 5778999 31162 1000
S7 2 5779000 5779999 21182 997
S7 2 5780000 5780999 34233 968
S7 2 5781000 5781999 35442 1000
S7 2 5782000 5782999 32253 1000
S7 2 5783000 5783999 28083 1000
S7 2 5784000 5784999 29346 1000
S7 2 5785000 5785999 27882 1000
S7 2 5786000 5786999 27847 1000
S7 2 5787000 5787999 33903 1000
S7 2 5788000 5788999 34144 1000
S7 2 5789000 5789999 32443 1000
S7 2 5790000 5790999 26936 1000
S7 2 5791000 5791999 25668 1000
S7 2 5792000 5792999 33486 1000
S7 2 5793000 5793999 36163 1000
S7 2 5794000 5794999 36794 1000
S7 2 5795000 5795999 35143 1000
S7 2 5796000 5796999 39420 1000
S7 2 5797000 5797999 28944 1000
S7 2 5798000 5798999 9531 981
S7 2 5799000 5799999 27374 997
S7 2 5800000 5800999 32165 1000
S7 2 5801000 5801999 30424 1000
S7 2 5802000 5802999 34558 1000
S7 2 5803000 5803999 36837 1000
S7 2 5804000 5804999 34438 1000
S7 2 5805000 5805999 36302 1000
S7 2 5806000 5806999 30677 1000
S7 2 5807000 5807999 37002 1000
S7 2 5808000 5808999 34667 1000
S7 2 5809000 5809999 35430 1000
S7 2 5810000 5810999 32162 1000
S7 2 5811000 5811999 33645 996
S7 2 5812000 5812999 32395 1000
S7 2 5813000 5813999 34592 1000
S7 2 5814000 5814999 39160 1000
S7 2 5815000 5815999 30335 1000
S7 2 5816000 5816999 38633 1000
S7 2 5817000 5817999 37808 1000
S7 2 5818000 5818999 32826 1000
S7 2 5819000 5819999 36180 1000
S7 2 5820000 5820999 37152 999
S7 2 5821000 5821999 35589 1000
S7 2 5822000 5822999 31138 1000
S7 2 5823000 5823999 32311 1000
S7 2 5824000 5824999 31060 998
S7 2 5825000 5825999 34336 1000
S7 2 5826000 5826999 32797 1000
S7 2 5827000 5827999 28319 1000
S7 2 5828000 5828999 33657 1000
S7 2 5829000 5829999 32507 1000
S7 2 5830000 5830999 25786 1000
S7 2 5831000 5831999 29415 999
S7 2 5832000 5832999 33524 1000
S7 2 5833000 5833999 39677 1000
S7 2 5834000 5834999 34852 1000
S7 2 5835000 5835999 34831 1000
S7 2 5836000 5836999 30249 1000
S7 2 5837000 5837999 34734 1000
S7 2 5838000 5838999 35450 1000
S7 2 5839000 5839999 32614 1000
S7 2 5840000 5840999 32564 1000
S7 2 5841000 5841999 29043 1000
S7 2 5842000 5842999 30315 1000
S7 2 5843000 5843999 35033 1000
S7 2 5844000 5844999 34950 1000
S7 2 5845000 5845999 30253 1000
S7 2 5846000 5846999 33510 1000
S7 2 5847000 5847999 27862 1000
S7 2 5848000 5848999 34140 1000
S7 2 5849000 5849999 8443 230
S8 2 5726000 5726999 51984 999
S8 2 5727000 5727999 51611 1000
S8 2 5728000 5728999 52330 999
S8 2 5729000 5729999 49378 1000
S8 2 5730000 5730999 50718 1000
S8 2 5731000 5731999 49425 1000
S8 2 5732000 5732999 46006 1000
S8 2 5733000 5733999 48980 1000
S8 2 5734000 5734999 47162 1000
S8 2 5735000 5735999 57194 999
S8 2 5736000 5736999 9146 997
S8 2 5737000 5737999 19688 999
S8 2 5738000 5738999 53906 1000
S8 2 5739000 5739999 46957 1000
S8 2 5740000 5740999 51516 1000
S8 2 5741000 5741999 45888 1000
S8 2 5742000 5742999 52088 1000
S8 2 5743000 5743999 44384 1000
S8 2 5744000 5744999 39627 1000
S8 2 5745000 5745999 46136 1000
S8 2 5746000 5746999 47600 1000
S8 2 5747000 5747999 45485 1000
S8 2 5748000 5748999 53592 1000
S8 2 5749000 5749999 44225 1000
S8 2 5750000 5750999 49756 1000
S8 2 5751000 5751999 49266 1000
S8 2 5752000 5752999 50093 1000
S8 2 5753000 5753999 49085 999
S8 2 5754000 5754999 51667 1000
S8 2 5755000 5755999 47723 1000
S8 2 5756000 5756999 48025 1000
S8 2 5757000 5757999 48728 1000
S8 2 5758000 5758999 50650 1000
S8 2 5759000 5759999 51215 994
S8 2 5760000 5760999 48770 1000
S8 2 5761000 5761999 53117 1000
S8 2 5762000 5762999 49007 1000
S8 2 5763000 5763999 50080 999
S8 2 5764000 5764999 48175 1000
S8 2 5765000 5765999 47070 999
S8 2 5766000 5766999 53195 999
S8 2 5767000 5767999 52082 1000
S8 2 5768000 5768999 51160 998
S8 2 5769000 5769999 55050 1000
S8 2 5770000 5770999 54409 1000
S8 2 5771000 5771999 50493 1000
S8 2 5772000 5772999 55480 1000
S8 2 5773000 5773999 50449 999
S8 2 5774000 5774999 45439 1000
S8 2 5775000 5775999 51948 1000
S8 2 5776000 5776999 43546 1000
S8 2 5777000 5777999 48534 1000
S8 2 5778000 5778999 44612 1000
S8 2 5779000 5779999 34361 997
S8 2 5780000 5780999 50875 968
S8 2 5781000 5781999 48680 1000
S8 2 5782000 5782999 44223 1000
S8 2 5783000 5783999 45577 1000
S8 2 5784000 5784999 53008 1000
S8 2 5785000 5785999 49206 1000
S8 2 5786000 5786999 38421 1000
S8 2 5787000 5787999 49699 1000
S8 2 5788000 5788999 43656 1000
S8 2 5789000 5789999 46118 1000
S8 2 5790000 5790999 52264 1000
S8 2 5791000 5791999 51556 1000
S8 2 5792000 5792999 48895 1000
S8 2 5793000 5793999 43788 1000
S8 2 5794000 5794999 45478 1000
S8 2 5795000 5795999 39899 1000
S8 2 5796000 5796999 46004 1000
S8 2 5797000 5797999 50459 1000
S8 2 5798000 5798999 18112 981
S8 2 5799000 5799999 43414 997
S8 2 5800000 5800999 46840 1000
S8 2 5801000 5801999 46649 1000
S8 2 5802000 5802999 49321 1000
S8 2 5803000 5803999 46587 1000
S8 2 5804000 5804999 43634 1000
S8 2 5805000 5805999 45551 1000
S8 2 5806000 5806999 53495 1000
S8 2 5807000 5807999 51255 1000
S8 2 5808000 5808999 46294 1000
S8 2 5809000 5809999 46590 1000
S8 2 5810000 5810999 51807 1000
S8 2 5811000 5811999 52266 996
S8 2 5812000 5812999 49514 1000
S8 2 5813000 5813999 50661 1000
S8 2 5814000 5814999 52547 1000
S8 2 5815000 5815999 47129 1000
S8 2 5816000 5816999 45941 1000
S8 2 5817000 5817999 44977 1000
S8 2 5818000 5818999 47056 1000
S8 2 5819000 5819999 46869 1000
S8 2 5820000 5820999 45866 999
S8 2 5821000 5821999 52826 1000
S8 2 5822000 5822999 54042 1000
S8 2 5823000 5823999 45843 1000
S8 2 5824000 5824999 45727 998
S8 2 5825000 5825999 49975 1000
S8 2 5826000 5826999 46833 1000
S8 2 5827000 5827999 52635 1000
S8 2 5828000 5828999 44862 1000
S8 2 5829000 5829999 50417 1000
S8 2 5830000 5830999 47410 1000
S8 2 5831000 5831999 53033 999
S8 2 5832000 5832999 45671 1000
S8 2 5833000 5833999 52288 1000
S8 2 5834000 5834999 42024 1000
S8 2 5835000 5835999 51678 1000
S8 2 5836000 5836999 58702 1000
S8 2 5837000 5837999 48926 1000
S8 2 5838000 5838999 46002 1000
S8 2 5839000 5839999 46770 1000
S8 2 5840000 5840999 48117 1000
S8 2 5841000 5841999 55147 1000
S8 2 5842000 5842999 50289 1000
S8 2 5843000 5843999 49556 1000
S8 2 5844000 5844999 47144 1000
S8 2 5845000 5845999 48097 1000
S8 2 5846000 5846999 53271 1000
S8 2 5847000 5847999 50236 1000
S8 2 5848000 5848999 53357 1000
S8 2 5849000 5849999 11505 230
S9 2 5726000 5726999 42675 999
S9 2 5727000 5727999 51463 1000
S9 2 5728000 5728999 50568 999
S9 2 5729000 5729999 51403 1000
S9 2 5730000 5730999 49205 1000
S9 2 5731000 5731999 50839 1000
S9 2 5732000 5732999 54777 1000
S9 2 5733000 5733999 47116 1000
S9 2 5734000 5734999 47036 1000
S9 2 5735000 5735999 51754 999
S9 2 5736000 5736999 14517 997
S9 2 5737000 5737999 22762 999
S9 2 5738000 5738999 43208 1000
S9 2 5739000 5739999 46818 1000
S9 2 5740000 5740999 51519 1000
S9 2 5741000 5741999 46382 1000
S9 2 5742000 5742999 52680 1000
S9 2 5743000 5743999 49380 1000
S9 2 5744000 5744999 43496 1000
S9 2 5745000 5745999 53051 1000
S9 2 5746000 5746999 47732 1000
S9 2 5747000 5747999 47972 1000
S9 2 5748000 5748999 45714 1000
S9 2 5749000 5749999 47494 1000
S9 2 5750000 5750999 52258 1000
S9 2 5751000 5751999 47774 1000
S9 2 5752000 5752999 51867 1000
S9 2 5753000 5753999 51063 999
S9 2 5754000 5754999 41146 1000
S9 2 5755000 5755999 47057 1000
S9 2 5756000 5756999 50998 1000
S9 2 5757000 5757999 48203 1000
S9 2 5758000 5758999 44915 1000
S9 2 5759000 5759999 52768 994
S9 2 5760000 5760999 49560 1000
S9 2 5761000 5761999 53634 1000
S9 2 5762000 5762999 49707 1000
S9 2 5763000 5763999 43850 999
S9 2 5764000 5764999 50550 1000
S9 2 5765000 5765999 53916 999
S9 2 5766000 5766999 51447 999
S9 2 5767000 5767999 44918 1000
S9 2 5768000 5768999 48846 998
S9 2 5769000 5769999 43908 1000
S9 2 5770000 5770999 50304 1000
S9 2 5771000 5771999 49831 1000
S9 2 5772000 5772999 45149 1000
S9 2 5773000 5773999 48143 999
S9 2 5774000 5774999 45961 1000
S9 2 5775000 5775999 45107 1000
S9 2 5776000 5776999 41016 1000
S9 2 5777000 5777999 46990 1000
S9 2 5778000 5778999 50213 1000
S9 2 5779000 5779999 34435 997
S9 2 5780000 5780999 54686 968
S9 2 5781000 5781999 46736 1000
S9 2 5782000 5782999 46090 1000
S9 2 5783000 5783999 45808 1000
S9 2 5784000 5784999 57517 1000
S9 2 5785000 5785999 49041 1000
S9 2 5786000 5786999 42500 1000
S9 2 5787000 5787999 42259 1000
S9 2 5788000 5788999 46947 1000
S9 2 5789000 5789999 43370 1000
S9 2 5790000 5790999 55152 1000
S9 2 5791000 5791999 54232 1000
S9 2 5792000 5792999 53892 1000
S9 2 5793000 5793999 46320 1000
S9 2 5794000 5794999 44287 1000
S9 2 5795000 5795999 43319 1000
S9 2 5796000 5796999 43879 1000
S9 2 5797000 5797999 55349 1000
S9 2 5798000 5798999 21993 981
S9 2 5799000 5799999 36958 997
S9 2 5800000 5800999 45995 1000
S9 2 5801000 5801999 47872 1000
S9 2 5802000 5802999 42235 1000
S9 2 5803000 5803999 44906 1000
S9 2 5804000 5804999 46646 1000
S9 2 5805000 5805999 42659 1000
S9 2 5806000 5806999 44969 1000
S9 2 5807000 5807999 46678 1000
S9 2 5808000 5808999 51537 1000
S9 2 5809000 5809999 50896 1000
S9 2 5810000 5810999 46493 1000
S9 2 5811000 5811999 51228 996
S9 2 5812000 5812999 49092 1000
S9 2 5813000 5813999 43720 1000
S9 2 5814000 5814999 50157 1000
S9 2 5815000 5815999 48454 1000
S9 2 5816000 5816999 55227 1000
S9 2 5817000 5817999 44228 1000
S9 2 5818000 5818999 44175 1000
S9 2 5819000 5819999 46902 1000
S9 2 5820000 5820999 46877 999
S9 2 5821000 5821999 54826 1000
S9 2 5822000 5822999 55186 1000
S9 2 5823000 5823999 55961 1000
S9 2 5824000 5824999 45851 998
S9 2 5825000 5825999 45853 1000
S9 2 5826000 5826999 51114 1000
S9 2 5827000 5827999 53825 1000
S9 2 5828000 5828999 45204 1000
S9 2 5829000 5829999 53482 1000
S9 2 5830000 5830999 47626 1000
S9 2 5831000 5831999 43428 999
S9 2 5832000 5832999 53215 1000
S9 2 5833000 5833999 49711 1000
S9 2 5834000 5834999 50235 1000
S9 2 5835000 5835999 50316 1000
S9 2 5836000 5836999 50426 1000
S9 2 5837000 5837999 48181 1000
S9 2 5838000 5838999 47104 1000
S9 2 5839000 5839999 48814 1000
S9 2 5840000 5840999 48907 1000
S9 2 5841000 5841999 58869 1000
S9 2 5842000 5842999 55002 1000
S9 2 5843000 5843999 47635 1000
S9 2 5844000 5844999 49740 1000
S9 2 5845000 5845999 49156 1000
S9 2 5846000 5846999 49855 1000
S9 2 5847000 5847999 50883 1000
S9 2 5848000 5848999 52332 1000
S9 2 5849000 5849999 8314 230
