Indiv CHROM pos1 pos2 sum_depth n_sites
S1 2 8658000 8658999 20659 557
S1 2 8659000 8659999 40623 990
S1 2 8660000 8660999 40563 1000
S1 2 8661000 8661999 42072 1000
S1 2 8662000 8662999 41566 1000
S1 2 8663000 8663999 35354 1000
S1 2 8664000 8664999 39107 1000
S1 2 8665000 8665999 42539 1000
S1 2 8666000 8666999 37938 1000
S1 2 8667000 8667999 41947 1000
S1 2 8668000 8668999 42997 1000
S1 2 8669000 8669999 39892 998
S1 2 8670000 8670999 40543 1000
S1 2 8671000 8671999 34444 997
S1 2 8672000 8672999 46856 1000
S1 2 8673000 8673999 41706 1000
S1 2 8674000 8674999 40658 999
S1 2 8675000 8675999 41724 998
S1 2 8676000 8676999 35406 999
S1 2 8677000 8677999 43445 1000
S1 2 8678000 8678999 41996 1000
S1 2 8679000 8679999 45442 1000
S1 2 8680000 8680999 47560 999
S1 2 8681000 8681999 39303 1000
S1 2 8682000 8682999 43356 1000
S1 2 8683000 8683999 38417 1000
S1 2 8684000 8684999 44275 1000
S1 2 8685000 8685999 36049 1000
S1 2 8686000 8686999 44041 1000
S1 2 8687000 8687999 41898 1000
S1 2 8688000 8688999 40902 1000
S1 2 8689000 8689999 42965 1000
S1 2 8690000 8690999 38229 1000
S1 2 8691000 8691999 43928 1000
S1 2 8692000 8692999 40800 1000
S1 2 8693000 8693999 42658 1000
S1 2 8694000 8694999 42357 1000
S1 2 8695000 8695999 44648 1000
S1 2 8696000 8696999 47449 1000
S1 2 8697000 8697999 40560 1000
S1 2 8698000 8698999 46046 1000
S1 2 8699000 8699999 42410 1000
S1 2 8700000 8700999 41170 1000
S1 2 8701000 8701999 40384 1000
S1 2 8702000 8702999 42493 1000
S1 2 8703000 8703999 42203 1000
S1 2 8704000 8704999 40002 1000
S1 2 8705000 8705999 39950 1000
S1 2 8706000 8706999 33263 996
S1 2 8707000 8707999 44895 1000
S1 2 8708000 8708999 41599 1000
S1 2 8709000 8709999 37163 1000
S1 2 8710000 8710999 39345 1000
S1 2 8711000 8711999 38188 998
S1 2 8712000 8712999 41848 993
S1 2 8713000 8713999 38687 999
S1 2 8714000 8714999 34476 1000
S1 2 8715000 8715999 39016 1000
S1 2 8716000 8716999 39219 1000
S1 2 8717000 8717999 40359 1000
S1 2 8718000 8718999 41978 1000
S1 2 8719000 8719999 44297 1000
S1 2 8720000 8720999 45346 1000
S1 2 8721000 8721999 46857 1000
S1 2 8722000 8722999 40664 1000
S1 2 8723000 8723999 40032 1000
S1 2 8724000 8724999 47703 1000
S1 2 8725000 8725999 42989 1000
S1 2 8726000 8726999 39930 1000
S1 2 8727000 8727999 35095 991
S1 2 8728000 8728999 33842 964
S1 2 8729000 8729999 35196 999
S1 2 8730000 8730999 45394 999
S1 2 8731000 8731999 25933 999
S1 2 8732000 8732999 24586 1000
S1 2 8733000 8733999 26025 999
S1 2 8734000 8734999 14124 997
S1 2 8735000 8735999 22130 996
S1 2 8736000 8736999 24168 996
S1 2 8737000 8737999 13991 999
S1 2 8738000 8738999 27601 1000
S1 2 8739000 8739999 19546 1000
S1 2 8740000 8740999 29119 1000
S1 2 8741000 8741999 16595 1000
S1 2 8742000 8742999 10876 1000
S1 2 8743000 8743999 20836 961
S1 2 8744000 8744999 21974 1000
S1 2 8745000 8745999 20237 1000
S1 2 8746000 8746999 17091 998
S1 2 8747000 8747999 17879 1000
S1 2 8748000 8748999 26128 1000
S1 2 8749000 8749999 49778 1000
S1 2 8750000 8750999 43582 1000
S1 2 8751000 8751999 39674 1000
S1 2 8752000 8752999 40302 1000
S1 2 8753000 8753999 42860 1000
S1 2 8754000 8754999 38534 999
S1 2 8755000 8755999 39927 1000
S1 2 8756000 8756999 37446 998
S1 2 8757000 8757999 38496 999
S1 2 8758000 8758999 39460 994
S1 2 8759000 8759999 38834 1000
S1 2 8760000 8760999 37956 1000
S1 2 8761000 8761999 39978 1000
S1 2 8762000 8762999 42602 1000
S1 2 8763000 8763999 40867 1000
S1 2 8764000 8764999 40157 999
S1 2 8765000 8765999 40529 1000
S1 2 8766000 8766999 39549 1000
S1 2 8767000 8767999 43286 998
S1 2 8768000 8768999 36431 893
S10 2 8658000 8658999 25530 557
S10 2 8659000 8659999 40708 990
S10 2 8660000 8660999 44374 1000
S10 2 8661000 8661999 49035 1000
S10 2 8662000 8662999 48907 1000
S10 2 8663000 8663999 52539 1000
S10 2 8664000 8664999 48324 1000
S10 2 8665000 8665999 47202 1000
S10 2 8666000 8666999 46542 1000
S10 2 8667000 8667999 42025 1000
S10 2 8668000 8668999 47851 1000
S10 2 8669000 8669999 48180 998
S10 2 8670000 8670999 40966 1000
S10 2 8671000 8671999 38319 997
S10 2 8672000 8672999 49933 1000
S10 2 8673000 8673999 48203 1000
S10 2 8674000 8674999 43258 999
S10 2 8675000 8675999 46859 998
S10 2 8676000 8676999 37908 999
S10 2 8677000 8677999 41768 1000
S10 2 8678000 8678999 49118 1000
S10 2 8679000 8679999 50474 1000
S10 2 8680000 8680999 47459 999
S10 2 8681000 8681999 38568 1000
S10 2 8682000 8682999 47122 1000
S10 2 8683000 8683999 42820 1000
S10 2 8684000 8684999 42958 1000
S10 2 8685000 8685999 46884 1000
S10 2 8686000 8686999 48302 1000
S10 2 8687000 8687999 44049 1000
S10 2 8688000 8688999 42329 1000
S10 2 8689000 8689999 48221 1000
S10 2 8690000 8690999 45529 1000
S10 2 8691000 8691999 41658 1000
S10 2 8692000 8692999 47524 1000
S10 2 8693000 8693999 41746 1000
S10 2 8694000 8694999 40921 1000
S10 2 8695000 8695999 50442 1000
S10 2 8696000 8696999 51387 1000
S10 2 8697000 8697999 39433 1000
S10 2 8698000 8698999 44750 1000
S10 2 8699000 8699999 46898 1000
S10 2 8700000 8700999 46621 1000
S10 2 8701000 8701999 37871 1000
S10 2 8702000 8702999 49467 1000
S10 2 8703000 8703999 48706 1000
S10 2 8704000 8704999 49796 1000
S10 2 8705000 8705999 44844 1000
S10 2 8706000 8706999 37830 996
S10 2 8707000 8707999 41856 1000
S10 2 8708000 8708999 43546 1000
S10 2 8709000 8709999 48255 1000
S10 2 8710000 8710999 44786 1000
S10 2 8711000 8711999 44223 998
S10 2 8712000 8712999 43557 993
S10 2 8713000 8713999 41907 999
S10 2 8714000 8714999 45330 1000
S10 2 8715000 8715999 47732 1000
S10 2 8716000 8716999 43505 1000
S10 2 8717000 8717999 42391 1000
S10 2 8718000 8718999 46755 1000
S10 2 8719000 8719999 44340 1000
S10 2 8720000 8720999 50421 1000
S10 2 8721000 8721999 53792 1000
S10 2 8722000 8722999 50866 1000
S10 2 8723000 8723999 45708 1000
S10 2 8724000 8724999 43736 1000
S10 2 8725000 8725999 46187 1000
S10 2 8726000 8726999 48327 1000
S10 2 8727000 8727999 34665 991
S10 2 8728000 8728999 6844 964
S10 2 8729000 8729999 34775 999
S10 2 8730000 8730999 44048 999
S10 2 8731000 8731999 30161 999
S10 2 8732000 8732999 22781 1000
S10 2 8733000 8733999 21315 999
S10 2 8734000 8734999 26337 997
S10 2 8735000 8735999 26923 996
S10 2 8736000 8736999 28947 996
S10 2 8737000 8737999 14578 999
S10 2 8738000 8738999 11613 1000
S10 2 8739000 8739999 13888 1000
S10 2 8740000 8740999 20972 1000
S10 2 8741000 8741999 24288 1000
S10 2 8742000 8742999 14446 1000
S10 2 8743000 8743999 23475 961
S10 2 8744000 8744999 16934 1000
S10 2 8745000 8745999 22952 1000
S10 2 8746000 8746999 7809 998
S10 2 8747000 8747999 21405 1000
S10 2 8748000 8748999 25743 1000
S10 2 8749000 8749999 45657 1000
S10 2 8750000 8750999 46588 1000
S10 2 8751000 8751999 48242 1000
S10 2 8752000 8752999 43166 1000
S10 2 8753000 8753999 44044 1000
S10 2 8754000 8754999 51057 999
S10 2 8755000 8755999 43859 1000
S10 2 8756000 8756999 46332 998
S10 2 8757000 8757999 42065 999
S10 2 8758000 8758999 37553 994
S10 2 8759000 8759999 41934 1000
S10 2 8760000 8760999 44815 1000
S10 2 8761000 8761999 43235 1000
S10 2 8762000 8762999 45837 1000
S10 2 8763000 8763999 37037 1000
S10 2 8764000 8764999 38524 999
S10 2 8765000 8765999 39190 1000
S10 2 8766000 8766999 47741 1000
S10 2 8767000 8767999 45355 998
S10 2 8768000 8768999 40488 893
S11 2 8658000 8658999 31058 557
S11 2 8659000 8659999 49438 990
S11 2 8660000 8660999 55692 1000
S11 2 8661000 8661999 60548 1000
S11 2 8662000 8662999 55206 1000
S11 2 8663000 8663999 56627 1000
S11 2 8664000 8664999 53150 1000
S11 2 8665000 8665999 58886 1000
S11 2 8666000 8666999 61094 1000
S11 2 8667000 8667999 49177 1000
S11 2 8668000 8668999 59269 1000
S11 2 8669000 8669999 52761 998
S11 2 8670000 8670999 53374 1000
S11 2 8671000 8671999 53248 997
S11 2 8672000 8672999 56284 1000
S11 2 8673000 8673999 47376 1000
S11 2 8674000 8674999 58212 999
S11 2 8675000 8675999 62187 998
S11 2 8676000 8676999 51555 999
S11 2 8677000 8677999 45861 1000
S11 2 8678000 8678999 67748 1000
S11 2 8679000 8679999 57050 1000
S11 2 8680000 8680999 54057 999
S11 2 8681000 8681999 56944 1000
S11 2 8682000 8682999 60931 1000
S11 2 8683000 8683999 53140 1000
S11 2 8684000 8684999 52064 1000
S11 2 8685000 8685999 49127 1000
S11 2 8686000 8686999 60454 1000
S11 2 8687000 8687999 48685 1000
S11 2 8688000 8688999 50641 1000
S11 2 8689000 8689999 59517 1000
S11 2 8690000 8690999 53720 1000
S11 2 8691000 8691999 56690 1000
S11 2 8692000 8692999 53311 1000
S11 2 8693000 8693999 37843 1000
S11 2 8694000 8694999 41284 1000
S11 2 8695000 8695999 58475 1000
S11 2 8696000 8696999 60605 1000
S11 2 8697000 8697999 51486 1000
S11 2 8698000 8698999 52088 1000
S11 2 8699000 8699999 50870 1000
S11 2 8700000 8700999 50532 1000
S11 2 8701000 8701999 50960 1000
S11 2 8702000 8702999 54137 1000
S11 2 8703000 8703999 52520 1000
S11 2 8704000 8704999 58019 1000
S11 2 8705000 8705999 58231 1000
S11 2 8706000 8706999 37214 996
S11 2 8707000 8707999 51074 1000
S11 2 8708000 8708999 49293 1000
S11 2 8709000 8709999 48194 1000
S11 2 8710000 8710999 53104 1000
S11 2 8711000 8711999 46645 998
S11 2 8712000 8712999 59314 993
S11 2 8713000 8713999 50057 999
S11 2 8714000 8714999 47858 1000
S11 2 8715000 8715999 54562 1000
S11 2 8716000 8716999 57479 1000
S11 2 8717000 8717999 59602 1000
S11 2 8718000 8718999 57130 1000
S11 2 8719000 8719999 50649 1000
S11 2 8720000 8720999 49948 1000
S11 2 8721000 8721999 64424 1000
S11 2 8722000 8722999 58947 1000
S11 2 8723000 8723999 52662 1000
S11 2 8724000 8724999 56757 1000
S11 2 8725000 8725999 60320 1000
S11 2 8726000 8726999 53026 1000
S11 2 8727000 8727999 50462 991
S11 2 8728000 8728999 45230 964
S11 2 8729000 8729999 50313 999
S11 2 8730000 8730999 58368 999
S11 2 8731000 8731999 37925 999
S11 2 8732000 8732999 19854 1000
S11 2 8733000 8733999 33205 999
S11 2 8734000 8734999 20713 997
S11 2 8735000 8735999 28661 996
S11 2 8736000 8736999 43700 996
S11 2 8737000 8737999 27052 999
S11 2 8738000 8738999 14292 1000
S11 2 8739000 8739999 29594 1000
S11 2 8740000 8740999 25116 1000
S11 2 8741000 8741999 32202 1000
S11 2 8742000 8742999 12167 1000
S11 2 8743000 8743999 28993 961
S11 2 8744000 8744999 38868 1000
S11 2 8745000 8745999 20728 1000
S11 2 8746000 8746999 20107 998
S11 2 8747000 8747999 30959 1000
S11 2 8748000 8748999 31127 1000
S11 2 8749000 8749999 62681 1000
S11 2 8750000 8750999 56513 1000
S11 2 8751000 8751999 60551 1000
S11 2 8752000 8752999 56876 1000
S11 2 8753000 8753999 53448 1000
S11 2 8754000 8754999 52132 999
S11 2 8755000 8755999 52425 1000
S11 2 8756000 8756999 50609 998
S11 2 8757000 8757999 48190 999
S11 2 8758000 8758999 47655 994
S11 2 8759000 8759999 47133 1000
S11 2 8760000 8760999 50846 1000
S11 2 8761000 8761999 52667 1000
S11 2 8762000 8762999 55170 1000
S11 2 8763000 8763999 56267 1000
S11 2 8764000 8764999 47702 999
S11 2 8765000 8765999 59086 1000
S11 2 8766000 8766999 63269 1000
S11 2 8767000 8767999 51494 998
S11 2 8768000 8768999 48171 893
S12 2 8658000 8658999 22965 557
S12 2 8659000 8659999 44273 990
S12 2 8660000 8660999 42064 1000
S12 2 8661000 8661999 45529 1000
S12 2 8662000 8662999 44315 1000
S12 2 8663000 8663999 45351 1000
S12 2 8664000 8664999 46756 1000
S12 2 8665000 8665999 49258 1000
S12 2 8666000 8666999 45793 1000
S12 2 8667000 8667999 47435 1000
S12 2 8668000 8668999 53115 1000
S12 2 8669000 8669999 50440 998
S12 2 8670000 8670999 49671 1000
S12 2 8671000 8671999 46619 997
S12 2 8672000 8672999 41642 1000
S12 2 8673000 8673999 47669 1000
S12 2 8674000 8674999 46696 999
S12 2 8675000 8675999 42153 998
S12 2 8676000 8676999 45591 999
S12 2 8677000 8677999 46682 1000
S12 2 8678000 8678999 47393 1000
S12 2 8679000 8679999 43617 1000
S12 2 8680000 8680999 46488 999
S12 2 8681000 8681999 37136 1000
S12 2 8682000 8682999 45403 1000
S12 2 8683000 8683999 36500 1000
S12 2 8684000 8684999 41705 1000
S12 2 8685000 8685999 42259 1000
S12 2 8686000 8686999 45688 1000
S12 2 8687000 8687999 45528 1000
S12 2 8688000 8688999 50311 1000
S12 2 8689000 8689999 46059 1000
S12 2 8690000 8690999 40229 1000
S12 2 8691000 8691999 44258 1000
S12 2 8692000 8692999 41604 1000
S12 2 8693000 8693999 43095 1000
S12 2 8694000 8694999 42324 1000
S12 2 8695000 8695999 46563 1000
S12 2 8696000 8696999 47291 1000
S12 2 8697000 8697999 46186 1000
S12 2 8698000 8698999 44951 1000
S12 2 8699000 8699999 49118 1000
S12 2 8700000 8700999 42225 1000
S12 2 8701000 8701999 39336 1000
S12 2 8702000 8702999 43567 1000
S12 2 8703000 8703999 41984 1000
S12 2 8704000 8704999 40230 1000
S12 2 8705000 8705999 43121 1000
S12 2 8706000 8706999 44127 996
S12 2 8707000 8707999 44176 1000
S12 2 8708000 8708999 47228 1000
S12 2 8709000 8709999 42671 1000
S12 2 8710000 8710999 45229 1000
S12 2 8711000 8711999 42092 998
S12 2 8712000 8712999 45142 993
S12 2 8713000 8713999 48536 999
S12 2 8714000 8714999 42865 1000
S12 2 8715000 8715999 50371 1000
S12 2 8716000 8716999 48731 1000
S12 2 8717000 8717999 43560 1000
S12 2 8718000 8718999 50352 1000
S12 2 8719000 8719999 46017 1000
S12 2 8720000 8720999 44492 1000
S12 2 8721000 8721999 50487 1000
S12 2 8722000 8722999 45992 1000
S12 2 8723000 8723999 44142 1000
S12 2 8724000 8724999 40855 1000
S12 2 8725000 8725999 40029 1000
S12 2 8726000 8726999 40891 1000
S12 2 8727000 8727999 35613 991
S12 2 8728000 8728999 25906 964
S12 2 8729000 8729999 39251 999
S12 2 8730000 8730999 41605 999
S12 2 8731000 8731999 31338 999
S12 2 8732000 8732999 22781 1000
S12 2 8733000 8733999 19257 999
S12 2 8734000 8734999 17661 997
S12 2 8735000 8735999 34711 996
S12 2 8736000 8736999 26056 996
S12 2 8737000 8737999 14602 999
S12 2 8738000 8738999 10452 1000
S12 2 8739000 8739999 18765 1000
S12 2 8740000 8740999 25412 1000
S12 2 8741000 8741999 31698 1000
S12 2 8742000 8742999 19962 1000
S12 2 8743000 8743999 15180 961
S12 2 8744000 8744999 19925 1000
S12 2 8745000 8745999 24489 1000
S12 2 8746000 8746999 18004 998
S12 2 8747000 8747999 30245 1000
S12 2 8748000 8748999 27006 1000
S12 2 8749000 8749999 45460 1000
S12 2 8750000 8750999 46126 1000
S12 2 8751000 8751999 41794 1000
S12 2 8752000 8752999 40568 1000
S12 2 8753000 8753999 41365 1000
S12 2 8754000 8754999 37102 999
S12 2 8755000 8755999 46675 1000
S12 2 8756000 8756999 40357 998
S12 2 8757000 8757999 47684 999
S12 2 8758000 8758999 41728 994
S12 2 8759000 8759999 39190 1000
S12 2 8760000 8760999 45701 1000
S12 2 8761000 8761999 40645 1000
S12 2 8762000 8762999 42670 1000
S12 2 8763000 8763999 48332 1000
S12 2 8764000 8764999 53270 999
S12 2 8765000 8765999 47637 1000
S12 2 8766000 8766999 42686 1000
S12 2 8767000 8767999 41380 998
S12 2 8768000 8768999 40419 893
S13 2 8658000 8658999 18922 557
S13 2 8659000 8659999 30688 990
S13 2 8660000 8660999 35121 1000
S13 2 8661000 8661999 35715 1000
S13 2 8662000 8662999 31060 1000
S13 2 8663000 8663999 39674 1000
S13 2 8664000 8664999 37905 1000
S13 2 8665000 8665999 37338 1000
S13 2 8666000 8666999 39313 1000
S13 2 8667000 8667999 35311 1000
S13 2 8668000 8668999 35778 1000
S13 2 8669000 8669999 43024 998
S13 2 8670000 8670999 41294 1000
S13 2 8671000 8671999 30487 997
S13 2 8672000 8672999 36555 1000
S13 2 8673000 8673999 40535 1000
S13 2 8674000 8674999 38658 999
S13 2 8675000 8675999 36246 998
S13 2 8676000 8676999 37297 999
S13 2 8677000 8677999 33136 1000
S13 2 8678000 8678999 40956 1000
S13 2 8679000 8679999 36044 1000
S13 2 8680000 8680999 44032 999
S13 2 8681000 8681999 33550 1000
S13 2 8682000 8682999 36878 1000
S13 2 8683000 8683999 40139 1000
S13 2 8684000 8684999 38361 1000
S13 2 8685000 8685999 32773 1000
S13 2 8686000 8686999 36063 1000
S13 2 8687000 8687999 36734 1000
S13 2 8688000 8688999 35647 1000
S13 2 8689000 8689999 39124 1000
S13 2 8690000 8690999 34894 1000
S13 2 8691000 8691999 37932 1000
S13 2 8692000 8692999 40266 1000
S13 2 8693000 8693999 33648 1000
S13 2 8694000 8694999 36514 1000
S13 2 8695000 8695999 40014 1000
S13 2 8696000 8696999 40492 1000
S13 2 8697000 8697999 37240 1000
S13 2 8698000 8698999 33014 1000
S13 2 8699000 8699999 41612 1000
S13 2 8700000 8700999 41912 1000
S13 2 8701000 8701999 33798 1000
S13 2 8702000 8702999 36105 1000
S13 2 8703000 8703999 37179 1000
S13 2 8704000 8704999 34782 1000
S13 2 8705000 8705999 35640 1000
S13 2 8706000 8706999 27012 996
S13 2 8707000 8707999 35243 1000
S13 2 8708000 8708999 36962 1000
S13 2 8709000 8709999 35787 1000
S13 2 8710000 8710999 42634 1000
S13 2 8711000 8711999 32125 998
S13 2 8712000 8712999 41312 993
S13 2 8713000 8713999 40919 999
S13 2 8714000 8714999 36566 1000
S13 2 8715000 8715999 40337 1000
S13 2 8716000 8716999 39625 1000
S13 2 8717000 8717999 39761 1000
S13 2 8718000 8718999 36737 1000
S13 2 8719000 8719999 34785 1000
S13 2 8720000 8720999 40173 1000
S13 2 8721000 8721999 40709 1000
S13 2 8722000 8722999 38069 1000
S13 2 8723000 8723999 36868 1000
S13 2 8724000 8724999 40162 1000
S13 2 8725000 8725999 41671 1000
S13 2 8726000 8726999 37900 1000
S13 2 8727000 8727999 24910 991
S13 2 8728000 8728999 19415 964
S13 2 8729000 8729999 28446 999
S13 2 8730000 8730999 34776 999
S13 2 8731000 8731999 28399 999
S13 2 8732000 8732999 15685 1000
S13 2 8733000 8733999 17148 999
S13 2 8734000 8734999 19951 997
S13 2 8735000 8735999 19581 996
S13 2 8736000 8736999 22160 996
S13 2 8737000 8737999 6229 999
S13 2 8738000 8738999 10566 1000
S13 2 8739000 8739999 11288 1000
S13 2 8740000 8740999 15368 1000
S13 2 8741000 8741999 20957 1000
S13 2 8742000 8742999 9364 1000
S13 2 8743000 8743999 18291 961
S13 2 8744000 8744999 22510 1000
S13 2 8745000 8745999 16194 1000
S13 2 8746000 8746999 9091 998
S13 2 8747000 8747999 20902 1000
S13 2 8748000 8748999 21489 1000
S13 2 8749000 8749999 32621 1000
S13 2 8750000 8750999 36290 1000
S13 2 8751000 8751999 38051 1000
S13 2 8752000 8752999 41696 1000
S13 2 8753000 8753999 35758 1000
S13 2 8754000 8754999 36974 999
S13 2 8755000 8755999 34173 1000
S13 2 8756000 8756999 30392 998
S13 2 8757000 8757999 28631 999
S13 2 8758000 8758999 31980 994
S13 2 8759000 8759999 37640 1000
S13 2 8760000 8760999 35211 1000
S13 2 8761000 8761999 38104 1000
S13 2 8762000 8762999 39935 1000
S13 2 8763000 8763999 35247 1000
S13 2 8764000 8764999 38132 999
S13 2 8765000 8765999 35756 1000
S13 2 8766000 8766999 41949 1000
S13 2 8767000 8767999 39557 998
S13 2 8768000 8768999 34627 893
S14 2 8658000 8658999 31067 557
S14 2 8659000 8659999 47152 990
S14 2 8660000 8660999 50588 1000
S14 2 8661000 8661999 53033 1000
S14 2 8662000 8662999 51775 1000
S14 2 8663000 8663999 53891 1000
S14 2 8664000 8664999 48935 1000
S14 2 8665000 8665999 54886 1000
S14 2 8666000 8666999 51529 1000
S14 2 8667000 8667999 52478 1000
S14 2 8668000 8668999 48233 1000
S14 2 8669000 8669999 48725 998
S14 2 8670000 8670999 48965 1000
S14 2 8671000 8671999 44129 997
S14 2 8672000 8672999 55006 1000
S14 2 8673000 8673999 44574 1000
S14 2 8674000 8674999 54870 999
S14 2 8675000 8675999 51978 998
S14 2 8676000 8676999 42633 999
S14 2 8677000 8677999 48051 1000
S14 2 8678000 8678999 50780 1000
S14 2 8679000 8679999 54565 1000
S14 2 8680000 8680999 46914 999
S14 2 8681000 8681999 46815 1000
S14 2 8682000 8682999 52571 1000
S14 2 8683000 8683999 48918 1000
S14 2 8684000 8684999 48594 1000
S14 2 8685000 8685999 44407 1000
S14 2 8686000 8686999 54408 1000
S14 2 8687000 8687999 51983 1000
S14 2 8688000 8688999 43075 1000
S14 2 8689000 8689999 48371 1000
S14 2 8690000 8690999 48734 1000
S14 2 8691000 8691999 43569 1000
S14 2 8692000 8692999 44139 1000
S14 2 8693000 8693999 39483 1000
S14 2 8694000 8694999 41531 1000
S14 2 8695000 8695999 49287 1000
S14 2 8696000 8696999 49178 1000
S14 2 8697000 8697999 47154 1000
S14 2 8698000 8698999 53073 1000
S14 2 8699000 8699999 51907 1000
S14 2 8700000 8700999 49193 1000
S14 2 8701000 8701999 45773 1000
S14 2 8702000 8702999 49706 1000
S14 2 8703000 8703999 44035 1000
S14 2 8704000 8704999 44050 1000
S14 2 8705000 8705999 52241 1000
S14 2 8706000 8706999 36999 996
S14 2 8707000 8707999 46786 1000
S14 2 8708000 8708999 43416 1000
S14 2 8709000 8709999 48068 1000
S14 2 8710000 8710999 41978 1000
S14 2 8711000 8711999 46132 998
S14 2 8712000 8712999 47330 993
S14 2 8713000 8713999 50585 999
S14 2 8714000 8714999 45388 1000
S14 2 8715000 8715999 43487 1000
S14 2 8716000 8716999 45582 1000
S14 2 8717000 8717999 46598 1000
S14 2 8718000 8718999 42697 1000
S14 2 8719000 8719999 43616 1000
S14 2 8720000 8720999 43407 1000
S14 2 8721000 8721999 55683 1000
S14 2 8722000 8722999 53469 1000
S14 2 8723000 8723999 41261 1000
S14 2 8724000 8724999 47008 1000
S14 2 8725000 8725999 49907 1000
S14 2 8726000 8726999 50315 1000
S14 2 8727000 8727999 41282 991
S14 2 8728000 8728999 15168 964
S14 2 8729000 8729999 43540 999
S14 2 8730000 8730999 49453 999
S14 2 8731000 8731999 42166 999
S14 2 8732000 8732999 27423 1000
S14 2 8733000 8733999 22601 999
S14 2 8734000 8734999 14848 997
S14 2 8735000 8735999 16519 996
S14 2 8736000 8736999 15512 996
S14 2 8737000 8737999 19307 999
S14 2 8738000 8738999 14525 1000
S14 2 8739000 8739999 16030 1000
S14 2 8740000 8740999 22016 1000
S14 2 8741000 8741999 29101 1000
S14 2 8742000 8742999 11743 1000
S14 2 8743000 8743999 22172 961
S14 2 8744000 8744999 35066 1000
S14 2 8745000 8745999 22807 1000
S14 2 8746000 8746999 19092 998
S14 2 8747000 8747999 24475 1000
S14 2 8748000 8748999 31030 1000
S14 2 8749000 8749999 46003 1000
S14 2 8750000 8750999 47873 1000
S14 2 8751000 8751999 48119 1000
S14 2 8752000 8752999 56170 1000
S14 2 8753000 8753999 46883 1000
S14 2 8754000 8754999 52118 999
S14 2 8755000 8755999 46886 1000
S14 2 8756000 8756999 42800 998
S14 2 8757000 8757999 43001 999
S14 2 8758000 8758999 43803 994
S14 2 8759000 8759999 45890 1000
S14 2 8760000 8760999 46044 1000
S14 2 8761000 8761999 42242 1000
S14 2 8762000 8762999 45170 1000
S14 2 8763000 8763999 47112 1000
S14 2 8764000 8764999 53941 999
S14 2 8765000 8765999 42050 1000
S14 2 8766000 8766999 42703 1000
S14 2 8767000 8767999 50096 998
S14 2 8768000 8768999 42938 893
S15 2 8658000 8658999 24800 557
S15 2 8659000 8659999 44173 990
S15 2 8660000 8660999 43191 1000
S15 2 8661000 8661999 43753 1000
S15 2 8662000 8662999 43297 1000
S15 2 8663000 8663999 44804 1000
S15 2 8664000 8664999 49572 1000
S15 2 8665000 8665999 47612 1000
S15 2 8666000 8666999 49849 1000
S15 2 8667000 8667999 49128 1000
S15 2 8668000 8668999 45673 1000
S15 2 8669000 8669999 43437 998
S15 2 8670000 8670999 46766 1000
S15 2 8671000 8671999 45007 997
S15 2 8672000 8672999 44432 1000
S15 2 8673000 8673999 39856 1000
S15 2 8674000 8674999 40687 999
S15 2 8675000 8675999 51444 998
S15 2 8676000 8676999 45330 999
S15 2 8677000 8677999 44463 1000
S15 2 8678000 8678999 44174 1000
S15 2 8679000 8679999 46911 1000
S15 2 8680000 8680999 46296 999
S15 2 8681000 8681999 41393 1000
S15 2 8682000 8682999 46565 1000
S15 2 8683000 8683999 45605 1000
S15 2 8684000 8684999 45527 1000
S15 2 8685000 8685999 42146 1000
S15 2 8686000 8686999 48122 1000
S15 2 8687000 8687999 44990 1000
S15 2 8688000 8688999 45024 1000
S15 2 8689000 8689999 43382 1000
S15 2 8690000 8690999 44549 1000
S15 2 8691000 8691999 44205 1000
S15 2 8692000 8692999 47397 1000
S15 2 8693000 8693999 37784 1000
S15 2 8694000 8694999 42550 1000
S15 2 8695000 8695999 43111 1000
S15 2 8696000 8696999 49752 1000
S15 2 8697000 8697999 48874 1000
S15 2 8698000 8698999 45687 1000
S15 2 8699000 8699999 46835 1000
S15 2 8700000 8700999 47708 1000
S15 2 8701000 8701999 50329 1000
S15 2 8702000 8702999 50558 1000
S15 2 8703000 8703999 43104 1000
S15 2 8704000 8704999 46560 1000
S15 2 8705000 8705999 45160 1000
S15 2 8706000 8706999 36345 996
S15 2 8707000 8707999 42609 1000
S15 2 8708000 8708999 51657 1000
S15 2 8709000 8709999 37669 1000
S15 2 8710000 8710999 40021 1000
S15 2 8711000 8711999 41957 998
S15 2 8712000 8712999 46405 993
S15 2 8713000 8713999 47108 999
S15 2 8714000 8714999 40418 1000
S15 2 8715000 8715999 45640 1000
S15 2 8716000 8716999 40040 1000
S15 2 8717000 8717999 40012 1000
S15 2 8718000 8718999 47263 1000
S15 2 8719000 8719999 44281 1000
S15 2 8720000 8720999 39515 1000
S15 2 8721000 8721999 49069 1000
S15 2 8722000 8722999 43664 1000
S15 2 8723000 8723999 42622 1000
S15 2 8724000 8724999 44056 1000
S15 2 8725000 8725999 43076 1000
S15 2 8726000 8726999 53440 1000
S15 2 8727000 8727999 35152 991
S15 2 8728000 8728999 23622 964
S15 2 8729000 8729999 37003 999
S15 2 8730000 8730999 42814 999
S15 2 8731000 8731999 33471 999
S15 2 8732000 8732999 33224 1000
S15 2 8733000 8733999 13669 999
S15 2 8734000 8734999 25489 997
S15 2 8735000 8735999 28297 996
S15 2 8736000 8736999 23060 996
S15 2 8737000 8737999 13574 999
S15 2 8738000 8738999 16413 1000
S15 2 8739000 8739999 15600 1000
S15 2 8740000 8740999 13222 1000
S15 2 8741000 8741999 22425 1000
S15 2 8742000 8742999 13024 1000
S15 2 8743000 8743999 13211 961
S15 2 8744000 8744999 35881 1000
S15 2 8745000 8745999 16387 1000
S15 2 8746000 8746999 14964 998
S15 2 8747000 8747999 22926 1000
S15 2 8748000 8748999 29489 1000
S15 2 8749000 8749999 47966 1000
S15 2 8750000 8750999 44549 1000
S15 2 8751000 8751999 43651 1000
S15 2 8752000 8752999 44699 1000
S15 2 8753000 8753999 46163 1000
S15 2 8754000 8754999 43061 999
S15 2 8755000 8755999 48720 1000
S15 2 8756000 8756999 40984 998
S15 2 8757000 8757999 36755 999
S15 2 8758000 8758999 42104 994
S15 2 8759000 8759999 41534 1000
S15 2 8760000 8760999 43558 1000
S15 2 8761000 8761999 44713 1000
S15 2 8762000 8762999 44695 1000
S15 2 8763000 8763999 42541 1000
S15 2 8764000 8764999 48936 999
S15 2 8765000 8765999 41682 1000
S15 2 8766000 8766999 42723 1000
S15 2 8767000 8767999 45818 998
S15 2 8768000 8768999 39849 893
S16 2 8658000 8658999 22500 557
S16 2 8659000 8659999 36304 990
S16 2 8660000 8660999 37023 1000
S16 2 8661000 8661999 38441 1000
S16 2 8662000 8662999 34091 1000
S16 2 8663000 8663999 33406 1000
S16 2 8664000 8664999 34252 1000
S16 2 8665000 8665999 33090 1000
S16 2 8666000 8666999 41090 1000
S16 2 8667000 8667999 38869 1000
S16 2 8668000 8668999 39548 1000
S16 2 8669000 8669999 36206 998
S16 2 8670000 8670999 37689 1000
S16 2 8671000 8671999 32149 997
S16 2 8672000 8672999 36440 1000
S16 2 8673000 8673999 33462 1000
S16 2 8674000 8674999 39821 999
S16 2 8675000 8675999 36824 998
S16 2 8676000 8676999 40556 999
S16 2 8677000 8677999 40878 1000
S16 2 8678000 8678999 34840 1000
S16 2 8679000 8679999 37304 1000
S16 2 8680000 8680999 37641 999
S16 2 8681000 8681999 39666 1000
S16 2 8682000 8682999 35820 1000
S16 2 8683000 8683999 32377 1000
S16 2 8684000 8684999 35138 1000
S16 2 8685000 8685999 38420 1000
S16 2 8686000 8686999 40162 1000
S16 2 8687000 8687999 36019 1000
S16 2 8688000 8688999 39163 1000
S16 2 8689000 8689999 38188 1000
S16 2 8690000 8690999 34069 1000
S16 2 8691000 8691999 40874 1000
S16 2 8692000 8692999 36863 1000
S16 2 8693000 8693999 39886 1000
S16 2 8694000 8694999 38409 1000
S16 2 8695000 8695999 43064 1000
S16 2 8696000 8696999 36141 1000
S16 2 8697000 8697999 31280 1000
S16 2 8698000 8698999 33903 1000
S16 2 8699000 8699999 35450 1000
S16 2 8700000 8700999 38145 1000
S16 2 8701000 8701999 35764 1000
S16 2 8702000 8702999 39568 1000
S16 2 8703000 8703999 35931 1000
S16 2 8704000 8704999 34310 1000
S16 2 8705000 8705999 34004 1000
S16 2 8706000 8706999 28229 996
S16 2 8707000 8707999 37943 1000
S16 2 8708000 8708999 37121 1000
S16 2 8709000 8709999 38051 1000
S16 2 8710000 8710999 36353 1000
S16 2 8711000 8711999 35839 998
S16 2 8712000 8712999 37818 993
S16 2 8713000 8713999 36419 999
S16 2 8714000 8714999 34919 1000
S16 2 8715000 8715999 39350 1000
S16 2 8716000 8716999 37000 1000
S16 2 8717000 8717999 36702 1000
S16 2 8718000 8718999 36920 1000
S16 2 8719000 8719999 36055 1000
S16 2 8720000 8720999 34598 1000
S16 2 8721000 8721999 36615 1000
S16 2 8722000 8722999 39309 1000
S16 2 8723000 8723999 36268 1000
S16 2 8724000 8724999 36366 1000
S16 2 8725000 8725999 35577 1000
S16 2 8726000 8726999 40583 1000
S16 2 8727000 8727999 19431 991
S16 2 8728000 8728999 4401 964
S16 2 8729000 8729999 31707 999
S16 2 8730000 8730999 35320 999
S16 2 8731000 8731999 21259 999
S16 2 8732000 8732999 33607 1000
S16 2 8733000 8733999 20341 999
S16 2 8734000 8734999 18493 997
S16 2 8735000 8735999 24707 996
S16 2 8736000 8736999 23762 996
S16 2 8737000 8737999 13784 999
S16 2 8738000 8738999 2473 1000
S16 2 8739000 8739999 9571 1000
S16 2 8740000 8740999 17078 1000
S16 2 8741000 8741999 17774 1000
S16 2 8742000 8742999 13933 1000
S16 2 8743000 8743999 21126 961
S16 2 8744000 8744999 26826 1000
S16 2 8745000 8745999 16032 1000
S16 2 8746000 8746999 10208 998
S16 2 8747000 8747999 26080 1000
S16 2 8748000 8748999 19592 1000
S16 2 8749000 8749999 36625 1000
S16 2 8750000 8750999 36945 1000
S16 2 8751000 8751999 38137 1000
S16 2 8752000 8752999 40221 1000
S16 2 8753000 8753999 35063 1000
S16 2 8754000 8754999 33053 999
S16 2 8755000 8755999 37569 1000
S16 2 8756000 8756999 36275 998
S16 2 8757000 8757999 36251 999
S16 2 8758000 8758999 31284 994
S16 2 8759000 8759999 38886 1000
S16 2 8760000 8760999 37873 1000
S16 2 8761000 8761999 37678 1000
S16 2 8762000 8762999 37398 1000
S16 2 8763000 8763999 34623 1000
S16 2 8764000 8764999 38242 999
S16 2 8765000 8765999 32083 1000
S16 2 8766000 8766999 35157 1000
S16 2 8767000 8767999 36981 998
S16 2 8768000 8768999 36760 893
S17 2 8658000 8658999 24013 557
S17 2 8659000 8659999 41996 990
S17 2 8660000 8660999 41661 1000
S17 2 8661000 8661999 45372 1000
S17 2 8662000 8662999 41219 1000
S17 2 8663000 8663999 46923 1000
S17 2 8664000 8664999 48000 1000
S17 2 8665000 8665999 50571 1000
S17 2 8666000 8666999 45658 1000
S17 2 8667000 8667999 45669 1000
S17 2 8668000 8668999 46554 1000
S17 2 8669000 8669999 40420 998
S17 2 8670000 8670999 49513 1000
S17 2 8671000 8671999 39085 997
S17 2 8672000 8672999 51911 1000
S17 2 8673000 8673999 42342 1000
S17 2 8674000 8674999 42778 999
S17 2 8675000 8675999 44686 998
S17 2 8676000 8676999 42449 999
S17 2 8677000 8677999 41054 1000
S17 2 8678000 8678999 46150 1000
S17 2 8679000 8679999 43110 1000
S17 2 8680000 8680999 40345 999
S17 2 8681000 8681999 45400 1000
S17 2 8682000 8682999 48698 1000
S17 2 8683000 8683999 43596 1000
S17 2 8684000 8684999 46461 1000
S17 2 8685000 8685999 44889 1000
S17 2 8686000 8686999 46268 1000
S17 2 8687000 8687999 45160 1000
S17 2 8688000 8688999 41832 1000
S17 2 8689000 8689999 47190 1000
S17 2 8690000 8690999 44524 1000
S17 2 8691000 8691999 47446 1000
S17 2 8692000 8692999 43129 1000
S17 2 8693000 8693999 44711 1000
S17 2 8694000 8694999 42063 1000
S17 2 8695000 8695999 48556 1000
S17 2 8696000 8696999 50045 1000
S17 2 8697000 8697999 39013 1000
S17 2 8698000 8698999 47860 1000
S17 2 8699000 8699999 41073 1000
S17 2 8700000 8700999 44634 1000
S17 2 8701000 8701999 41692 1000
S17 2 8702000 8702999 44497 1000
S17 2 8703000 8703999 46164 1000
S17 2 8704000 8704999 44808 1000
S17 2 8705000 8705999 43369 1000
S17 2 8706000 8706999 35264 996
S17 2 8707000 8707999 45050 1000
S17 2 8708000 8708999 44865 1000
S17 2 8709000 8709999 46549 1000
S17 2 8710000 8710999 39258 1000
S17 2 8711000 8711999 41465 998
S17 2 8712000 8712999 47862 993
S17 2 8713000 8713999 51483 999
S17 2 8714000 8714999 39929 1000
S17 2 8715000 8715999 42015 1000
S17 2 8716000 8716999 36801 1000
S17 2 8717000 8717999 44511 1000
S17 2 8718000 8718999 44307 1000
S17 2 8719000 8719999 43232 1000
S17 2 8720000 8720999 42120 1000
S17 2 8721000 8721999 49304 1000
S17 2 8722000 8722999 44027 1000
S17 2 8723000 8723999 39123 1000
S17 2 8724000 8724999 34695 1000
S17 2 8725000 8725999 37918 1000
S17 2 8726000 8726999 41251 1000
S17 2 8727000 8727999 33131 991
S17 2 8728000 8728999 12929 964
S17 2 8729000 8729999 37763 999
S17 2 8730000 8730999 40710 999
S17 2 8731000 8731999 27534 999
S17 2 8732000 8732999 21183 1000
S17 2 8733000 8733999 14498 999
S17 2 8734000 8734999 12015 997
S17 2 8735000 8735999 29784 996
S17 2 8736000 8736999 28534 996
S17 2 8737000 8737999 14902 999
S17 2 8738000 8738999 13405 1000
S17 2 8739000 8739999 11127 1000
S17 2 8740000 8740999 22081 1000
S17 2 8741000 8741999 26490 1000
S17 2 8742000 8742999 9253 1000
S17 2 8743000 8743999 22294 961
S17 2 8744000 8744999 27465 1000
S17 2 8745000 8745999 21968 1000
S17 2 8746000 8746999 10618 998
S17 2 8747000 8747999 28567 1000
S17 2 8748000 8748999 29335 1000
S17 2 8749000 8749999 46332 1000
S17 2 8750000 8750999 47469 1000
S17 2 8751000 8751999 41776 1000
S17 2 8752000 8752999 49757 1000
S17 2 8753000 8753999 39572 1000
S17 2 8754000 8754999 44215 999
S17 2 8755000 8755999 46396 1000
S17 2 8756000 8756999 35678 998
S17 2 8757000 8757999 39488 999
S17 2 8758000 8758999 38109 994
S17 2 8759000 8759999 37424 1000
S17 2 8760000 8760999 40119 1000
S17 2 8761000 8761999 40922 1000
S17 2 8762000 8762999 43527 1000
S17 2 8763000 8763999 40683 1000
S17 2 8764000 8764999 56806 999
S17 2 8765000 8765999 42782 1000
S17 2 8766000 8766999 43686 1000
S17 2 8767000 8767999 43804 998
S17 2 8768000 8768999 40383 893
S18 2 8658000 8658999 21108 557
S18 2 8659000 8659999 34737 990
S18 2 8660000 8660999 34939 1000
S18 2 8661000 8661999 31022 1000
S18 2 8662000 8662999 32175 1000
S18 2 8663000 8663999 30391 1000
S18 2 8664000 8664999 42507 1000
S18 2 8665000 8665999 38159 1000
S18 2 8666000 8666999 35340 1000
S18 2 8667000 8667999 41297 1000
S18 2 8668000 8668999 35540 1000
S18 2 8669000 8669999 37435 998
S18 2 8670000 8670999 37753 1000
S18 2 8671000 8671999 30658 997
S18 2 8672000 8672999 34618 1000
S18 2 8673000 8673999 37547 1000
S18 2 8674000 8674999 37831 999
S18 2 8675000 8675999 38002 998
S18 2 8676000 8676999 32447 999
S18 2 8677000 8677999 25151 1000
S18 2 8678000 8678999 32119 1000
S18 2 8679000 8679999 33309 1000
S18 2 8680000 8680999 33632 999
S18 2 8681000 8681999 41615 1000
S18 2 8682000 8682999 39143 1000
S18 2 8683000 8683999 40384 1000
S18 2 8684000 8684999 38287 1000
S18 2 8685000 8685999 33941 1000
S18 2 8686000 8686999 38401 1000
S18 2 8687000 8687999 36898 1000
S18 2 8688000 8688999 37144 1000
S18 2 8689000 8689999 38539 1000
S18 2 8690000 8690999 36312 1000
S18 2 8691000 8691999 37657 1000
S18 2 8692000 8692999 38737 1000
S18 2 8693000 8693999 35710 1000
S18 2 8694000 8694999 37885 1000
S18 2 8695000 8695999 35682 1000
S18 2 8696000 8696999 33094 1000
S18 2 8697000 8697999 29309 1000
S18 2 8698000 8698999 35684 1000
S18 2 8699000 8699999 32613 1000
S18 2 8700000 8700999 35490 1000
S18 2 8701000 8701999 39129 1000
S18 2 8702000 8702999 36932 1000
S18 2 8703000 8703999 35633 1000
S18 2 8704000 8704999 33882 1000
S18 2 8705000 8705999 36662 1000
S18 2 8706000 8706999 37579 996
S18 2 8707000 8707999 39575 1000
S18 2 8708000 8708999 38962 1000
S18 2 8709000 8709999 39874 1000
S18 2 8710000 8710999 36915 1000
S18 2 8711000 8711999 34204 998
S18 2 8712000 8712999 34248 993
S18 2 8713000 8713999 36655 999
S18 2 8714000 8714999 34382 1000
S18 2 8715000 8715999 41114 1000
S18 2 8716000 8716999 39660 1000
S18 2 8717000 8717999 37183 1000
S18 2 8718000 8718999 34084 1000
S18 2 8719000 8719999 35022 1000
S18 2 8720000 8720999 39802 1000
S18 2 8721000 8721999 37881 1000
S18 2 8722000 8722999 31044 1000
S18 2 8723000 8723999 36859 1000
S18 2 8724000 8724999 34072 1000
S18 2 8725000 8725999 32364 1000
S18 2 8726000 8726999 28464 1000
S18 2 8727000 8727999 22440 991
S18 2 8728000 8728999 6440 964
S18 2 8729000 8729999 25776 999
S18 2 8730000 8730999 32574 999
S18 2 8731000 8731999 20274 999
S18 2 8732000 8732999 20268 1000
S18 2 8733000 8733999 21103 999
S18 2 8734000 8734999 11410 997
S18 2 8735000 8735999 29533 996
S18 2 8736000 8736999 27418 996
S18 2 8737000 8737999 13239 999
S18 2 8738000 8738999 3068 1000
S18 2 8739000 8739999 6870 1000
S18 2 8740000 8740999 14872 1000
S18 2 8741000 8741999 24779 1000
S18 2 8742000 8742999 6895 1000
S18 2 8743000 8743999 2865 961
S18 2 8744000 8744999 17229 1000
S18 2 8745000 8745999 4759 1000
S18 2 8746000 8746999 11890 998
S18 2 8747000 8747999 24629 1000
S18 2 8748000 8748999 20848 1000
S18 2 8749000 8749999 37514 1000
S18 2 8750000 8750999 42586 1000
S18 2 8751000 8751999 37530 1000
S18 2 8752000 8752999 38011 1000
S18 2 8753000 8753999 39552 1000
S18 2 8754000 8754999 35966 999
S18 2 8755000 8755999 38009 1000
S18 2 8756000 8756999 30300 998
S18 2 8757000 8757999 32974 999
S18 2 8758000 8758999 27887 994
S18 2 8759000 8759999 28109 1000
S18 2 8760000 8760999 30643 1000
S18 2 8761000 8761999 32474 1000
S18 2 8762000 8762999 36180 1000
S18 2 8763000 8763999 32688 1000
S18 2 8764000 8764999 39703 999
S18 2 8765000 8765999 35596 1000
S18 2 8766000 8766999 40142 1000
S18 2 8767000 8767999 39759 998
S18 2 8768000 8768999 30510 893
S19 2 8658000 8658999 31227 557
S19 2 8659000 8659999 38639 990
S19 2 8660000 8660999 55933 1000
S19 2 8661000 8661999 47323 1000
S19 2 8662000 8662999 49352 1000
S19 2 8663000 8663999 51199 1000
S19 2 8664000 8664999 48266 1000
S19 2 8665000 8665999 48405 1000
S19 2 8666000 8666999 54072 1000
S19 2 8667000 8667999 50506 1000
S19 2 8668000 8668999 48094 1000
S19 2 8669000 8669999 43907 998
S19 2 8670000 8670999 46789 1000
S19 2 8671000 8671999 40201 997
S19 2 8672000 8672999 46357 1000
S19 2 8673000 8673999 47527 1000
S19 2 8674000 8674999 45761 999
S19 2 8675000 8675999 46234 998
S19 2 8676000 8676999 31092 999
S19 2 8677000 8677999 44343 1000
S19 2 8678000 8678999 47681 1000
S19 2 8679000 8679999 48251 1000
S19 2 8680000 8680999 47218 999
S19 2 8681000 8681999 51717 1000
S19 2 8682000 8682999 47512 1000
S19 2 8683000 8683999 50238 1000
S19 2 8684000 8684999 42062 1000
S19 2 8685000 8685999 41110 1000
S19 2 8686000 8686999 43735 1000
S19 2 8687000 8687999 53269 1000
S19 2 8688000 8688999 48091 1000
S19 2 8689000 8689999 51488 1000
S19 2 8690000 8690999 50250 1000
S19 2 8691000 8691999 45584 1000
S19 2 8692000 8692999 49990 1000
S19 2 8693000 8693999 43556 1000
S19 2 8694000 8694999 47008 1000
S19 2 8695000 8695999 47260 1000
S19 2 8696000 8696999 49399 1000
S19 2 8697000 8697999 44586 1000
S19 2 8698000 8698999 47634 1000
S19 2 8699000 8699999 48380 1000
S19 2 8700000 8700999 47337 1000
S19 2 8701000 8701999 44353 1000
S19 2 8702000 8702999 55751 1000
S19 2 8703000 8703999 53905 1000
S19 2 8704000 8704999 47832 1000
S19 2 8705000 8705999 44012 1000
S19 2 8706000 8706999 35580 996
S19 2 8707000 8707999 50135 1000
S19 2 8708000 8708999 42547 1000
S19 2 8709000 8709999 50560 1000
S19 2 8710000 8710999 48500 1000
S19 2 8711000 8711999 47321 998
S19 2 8712000 8712999 43731 993
S19 2 8713000 8713999 45068 999
S19 2 8714000 8714999 43771 1000
S19 2 8715000 8715999 47631 1000
S19 2 8716000 8716999 52635 1000
S19 2 8717000 8717999 48474 1000
S19 2 8718000 8718999 52669 1000
S19 2 8719000 8719999 50050 1000
S19 2 8720000 8720999 42231 1000
S19 2 8721000 8721999 48826 1000
S19 2 8722000 8722999 43972 1000
S19 2 8723000 8723999 49294 1000
S19 2 8724000 8724999 54276 1000
S19 2 8725000 8725999 49888 1000
S19 2 8726000 8726999 46635 1000
S19 2 8727000 8727999 31459 991
S19 2 8728000 8728999 11595 964
S19 2 8729000 8729999 39891 999
S19 2 8730000 8730999 40768 999
S19 2 8731000 8731999 37697 999
S19 2 8732000 8732999 18150 1000
S19 2 8733000 8733999 24830 999
S19 2 8734000 8734999 9419 997
S19 2 8735000 8735999 29825 996
S19 2 8736000 8736999 31944 996
S19 2 8737000 8737999 17143 999
S19 2 8738000 8738999 26742 1000
S19 2 8739000 8739999 12691 1000
S19 2 8740000 8740999 22090 1000
S19 2 8741000 8741999 35920 1000
S19 2 8742000 8742999 18802 1000
S19 2 8743000 8743999 19234 961
S19 2 8744000 8744999 24493 1000
S19 2 8745000 8745999 21945 1000
S19 2 8746000 8746999 12838 998
S19 2 8747000 8747999 25077 1000
S19 2 8748000 8748999 25647 1000
S19 2 8749000 8749999 51104 1000
S19 2 8750000 8750999 51492 1000
S19 2 8751000 8751999 55973 1000
S19 2 8752000 8752999 44472 1000
S19 2 8753000 8753999 50883 1000
S19 2 8754000 8754999 44189 999
S19 2 8755000 8755999 45635 1000
S19 2 8756000 8756999 44341 998
S19 2 8757000 8757999 37799 999
S19 2 8758000 8758999 39325 994
S19 2 8759000 8759999 46538 1000
S19 2 8760000 8760999 44846 1000
S19 2 8761000 8761999 45250 1000
S19 2 8762000 8762999 43994 1000
S19 2 8763000 8763999 42852 1000
S19 2 8764000 8764999 46446 999
S19 2 8765000 8765999 46870 1000
S19 2 8766000 8766999 45763 1000
S19 2 8767000 8767999 48831 998
S19 2 8768000 8768999 48273 893
S2 2 8658000 8658999 23774 557
S2 2 8659000 8659999 41643 990
S2 2 8660000 8660999 39909 1000
S2 2 8661000 8661999 44064 1000
S2 2 8662000 8662999 43041 1000
S2 2 8663000 8663999 43364 1000
S2 2 8664000 8664999 45538 1000
S2 2 8665000 8665999 42346 1000
S2 2 8666000 8666999 49836 1000
S2 2 8667000 8667999 42357 1000
S2 2 8668000 8668999 40292 1000
S2 2 8669000 8669999 41158 998
S2 2 8670000 8670999 48991 1000
S2 2 8671000 8671999 36854 997
S2 2 8672000 8672999 44554 1000
S2 2 8673000 8673999 42290 1000
S2 2 8674000 8674999 44092 999
S2 2 8675000 8675999 46568 998
S2 2 8676000 8676999 44245 999
S2 2 8677000 8677999 39812 1000
S2 2 8678000 8678999 42184 1000
S2 2 8679000 8679999 48043 1000
S2 2 8680000 8680999 44901 999
S2 2 8681000 8681999 44223 1000
S2 2 8682000 8682999 40644 1000
S2 2 8683000 8683999 40084 1000
S2 2 8684000 8684999 38762 1000
S2 2 8685000 8685999 36945 1000
S2 2 8686000 8686999 41999 1000
S2 2 8687000 8687999 42997 1000
S2 2 8688000 8688999 42720 1000
S2 2 8689000 8689999 43312 1000
S2 2 8690000 8690999 45087 1000
S2 2 8691000 8691999 45175 1000
S2 2 8692000 8692999 42625 1000
S2 2 8693000 8693999 42127 1000
S2 2 8694000 8694999 40302 1000
S2 2 8695000 8695999 38883 1000
S2 2 8696000 8696999 49560 1000
S2 2 8697000 8697999 42370 1000
S2 2 8698000 8698999 48976 1000
S2 2 8699000 8699999 42474 1000
S2 2 8700000 8700999 41303 1000
S2 2 8701000 8701999 38894 1000
S2 2 8702000 8702999 42670 1000
S2 2 8703000 8703999 41675 1000
S2 2 8704000 8704999 42876 1000
S2 2 8705000 8705999 41502 1000
S2 2 8706000 8706999 37403 996
S2 2 8707000 8707999 43493 1000
S2 2 8708000 8708999 43201 1000
S2 2 8709000 8709999 39375 1000
S2 2 8710000 8710999 43071 1000
S2 2 8711000 8711999 41545 998
S2 2 8712000 8712999 42968 993
S2 2 8713000 8713999 48300 999
S2 2 8714000 8714999 42113 1000
S2 2 8715000 8715999 43180 1000
S2 2 8716000 8716999 37976 1000
S2 2 8717000 8717999 42275 1000
S2 2 8718000 8718999 39507 1000
S2 2 8719000 8719999 40137 1000
S2 2 8720000 8720999 44665 1000
S2 2 8721000 8721999 50940 1000
S2 2 8722000 8722999 39263 1000
S2 2 8723000 8723999 43130 1000
S2 2 8724000 8724999 38952 1000
S2 2 8725000 8725999 42041 1000
S2 2 8726000 8726999 41289 1000
S2 2 8727000 8727999 46155 991
S2 2 8728000 8728999 24039 964
S2 2 8729000 8729999 36206 999
S2 2 8730000 8730999 47224 999
S2 2 8731000 8731999 15494 999
S2 2 8732000 8732999 0 1000
S2 2 8733000 8733999 119 999
S2 2 8734000 8734999 175 997
S2 2 8735000 8735999 4 996
S2 2 8736000 8736999 141 996
S2 2 8737000 8737999 137 999
S2 2 8738000 8738999 0 1000
S2 2 8739000 8739999 0 1000
S2 2 8740000 8740999 0 1000
S2 2 8741000 8741999 0 1000
S2 2 8742000 8742999 0 1000
S2 2 8743000 8743999 0 961
S2 2 8744000 8744999 0 1000
S2 2 8745000 8745999 0 1000
S2 2 8746000 8746999 192 998
S2 2 8747000 8747999 3156 1000
S2 2 8748000 8748999 28504 1000
S2 2 8749000 8749999 49210 1000
S2 2 8750000 8750999 47379 1000
S2 2 8751000 8751999 41311 1000
S2 2 8752000 8752999 44395 1000
S2 2 8753000 8753999 41917 1000
S2 2 8754000 8754999 41765 999
S2 2 8755000 8755999 44182 1000
S2 2 8756000 8756999 44061 998
S2 2 8757000 8757999 44239 999
S2 2 8758000 8758999 46585 994
S2 2 8759000 8759999 41584 1000
S2 2 8760000 8760999 43687 1000
S2 2 8761000 8761999 46142 1000
S2 2 8762000 8762999 44232 1000
S2 2 8763000 8763999 50954 1000
S2 2 8764000 8764999 44533 999
S2 2 8765000 8765999 41931 1000
S2 2 8766000 8766999 41302 1000
S2 2 8767000 8767999 41603 998
S2 2 8768000 8768999 36515 893
S20 2 8658000 8658999 26188 557
S20 2 8659000 8659999 45520 990
S20 2 8660000 8660999 47678 1000
S20 2 8661000 8661999 52706 1000
S20 2 8662000 8662999 47166 1000
S20 2 8663000 8663999 49440 1000
S20 2 8664000 8664999 46768 1000
S20 2 8665000 8665999 52171 1000
S20 2 8666000 8666999 48313 1000
S20 2 8667000 8667999 48535 1000
S20 2 8668000 8668999 44197 1000
S20 2 8669000 8669999 49072 998
S20 2 8670000 8670999 50703 1000
S20 2 8671000 8671999 39311 997
S20 2 8672000 8672999 50269 1000
S20 2 8673000 8673999 45424 1000
S20 2 8674000 8674999 48186 999
S20 2 8675000 8675999 49203 998
S20 2 8676000 8676999 43776 999
S20 2 8677000 8677999 44256 1000
S20 2 8678000 8678999 49213 1000
S20 2 8679000 8679999 49236 1000
S20 2 8680000 8680999 44715 999
S20 2 8681000 8681999 50547 1000
S20 2 8682000 8682999 47769 1000
S20 2 8683000 8683999 47448 1000
S20 2 8684000 8684999 49534 1000
S20 2 8685000 8685999 34634 1000
S20 2 8686000 8686999 48941 1000
S20 2 8687000 8687999 45049 1000
S20 2 8688000 8688999 47731 1000
S20 2 8689000 8689999 43398 1000
S20 2 8690000 8690999 43093 1000
S20 2 8691000 8691999 48134 1000
S20 2 8692000 8692999 49025 1000
S20 2 8693000 8693999 41083 1000
S20 2 8694000 8694999 42953 1000
S20 2 8695000 8695999 50704 1000
S20 2 8696000 8696999 50375 1000
S20 2 8697000 8697999 47860 1000
S20 2 8698000 8698999 56728 1000
S20 2 8699000 8699999 48776 1000
S20 2 8700000 8700999 51877 1000
S20 2 8701000 8701999 47695 1000
S20 2 8702000 8702999 50946 1000
S20 2 8703000 8703999 48561 1000
S20 2 8704000 8704999 50388 1000
S20 2 8705000 8705999 47641 1000
S20 2 8706000 8706999 38333 996
S20 2 8707000 8707999 44328 1000
S20 2 8708000 8708999 50143 1000
S20 2 8709000 8709999 41340 1000
S20 2 8710000 8710999 40504 1000
S20 2 8711000 8711999 43071 998
S20 2 8712000 8712999 42577 993
S20 2 8713000 8713999 46674 999
S20 2 8714000 8714999 46426 1000
S20 2 8715000 8715999 44525 1000
S20 2 8716000 8716999 49913 1000
S20 2 8717000 8717999 51797 1000
S20 2 8718000 8718999 54334 1000
S20 2 8719000 8719999 50007 1000
S20 2 8720000 8720999 44388 1000
S20 2 8721000 8721999 56798 1000
S20 2 8722000 8722999 40769 1000
S20 2 8723000 8723999 42245 1000
S20 2 8724000 8724999 52373 1000
S20 2 8725000 8725999 46359 1000
S20 2 8726000 8726999 44377 1000
S20 2 8727000 8727999 35928 991
S20 2 8728000 8728999 20620 964
S20 2 8729000 8729999 44275 999
S20 2 8730000 8730999 42730 999
S20 2 8731000 8731999 27943 999
S20 2 8732000 8732999 30280 1000
S20 2 8733000 8733999 14881 999
S20 2 8734000 8734999 18677 997
S20 2 8735000 8735999 27792 996
S20 2 8736000 8736999 36649 996
S20 2 8737000 8737999 8402 999
S20 2 8738000 8738999 9341 1000
S20 2 8739000 8739999 8305 1000
S20 2 8740000 8740999 19315 1000
S20 2 8741000 8741999 23899 1000
S20 2 8742000 8742999 12299 1000
S20 2 8743000 8743999 22879 961
S20 2 8744000 8744999 36633 1000
S20 2 8745000 8745999 7304 1000
S20 2 8746000 8746999 14170 998
S20 2 8747000 8747999 35693 1000
S20 2 8748000 8748999 34074 1000
S20 2 8749000 8749999 54550 1000
S20 2 8750000 8750999 47143 1000
S20 2 8751000 8751999 49464 1000
S20 2 8752000 8752999 50427 1000
S20 2 8753000 8753999 45487 1000
S20 2 8754000 8754999 39525 999
S20 2 8755000 8755999 43630 1000
S20 2 8756000 8756999 38516 998
S20 2 8757000 8757999 38611 999
S20 2 8758000 8758999 42054 994
S20 2 8759000 8759999 41197 1000
S20 2 8760000 8760999 44743 1000
S20 2 8761000 8761999 42330 1000
S20 2 8762000 8762999 43674 1000
S20 2 8763000 8763999 48462 1000
S20 2 8764000 8764999 51315 999
S20 2 8765000 8765999 46254 1000
S20 2 8766000 8766999 45021 1000
S20 2 8767000 8767999 43615 998
S20 2 8768000 8768999 45845 893
S21 2 8658000 8658999 31647 557
S21 2 8659000 8659999 55276 990
S21 2 8660000 8660999 52688 1000
S21 2 8661000 8661999 55583 1000
S21 2 8662000 8662999 44882 1000
S21 2 8663000 8663999 55491 1000
S21 2 8664000 8664999 45116 1000
S21 2 8665000 8665999 58625 1000
S21 2 8666000 8666999 57916 1000
S21 2 8667000 8667999 53469 1000
S21 2 8668000 8668999 50912 1000
S21 2 8669000 8669999 54580 998
S21 2 8670000 8670999 51808 1000
S21 2 8671000 8671999 48062 997
S21 2 8672000 8672999 55777 1000
S21 2 8673000 8673999 55078 1000
S21 2 8674000 8674999 42877 999
S21 2 8675000 8675999 54413 998
S21 2 8676000 8676999 56317 999
S21 2 8677000 8677999 51287 1000
S21 2 8678000 8678999 56932 1000
S21 2 8679000 8679999 52659 1000
S21 2 8680000 8680999 52086 999
S21 2 8681000 8681999 52995 1000
S21 2 8682000 8682999 59719 1000
S21 2 8683000 8683999 62989 1000
S21 2 8684000 8684999 46715 1000
S21 2 8685000 8685999 54461 1000
S21 2 8686000 8686999 55361 1000
S21 2 8687000 8687999 52688 1000
S21 2 8688000 8688999 50119 1000
S21 2 8689000 8689999 50253 1000
S21 2 8690000 8690999 49258 1000
S21 2 8691000 8691999 51504 1000
S21 2 8692000 8692999 50900 1000
S21 2 8693000 8693999 44709 1000
S21 2 8694000 8694999 44683 1000
S21 2 8695000 8695999 50296 1000
S21 2 8696000 8696999 51316 1000
S21 2 8697000 8697999 52239 1000
S21 2 8698000 8698999 58078 1000
S21 2 8699000 8699999 51222 1000
S21 2 8700000 8700999 53224 1000
S21 2 8701000 8701999 45577 1000
S21 2 8702000 8702999 58661 1000
S21 2 8703000 8703999 52942 1000
S21 2 8704000 8704999 48133 1000
S21 2 8705000 8705999 45517 1000
S21 2 8706000 8706999 42910 996
S21 2 8707000 8707999 49286 1000
S21 2 8708000 8708999 47032 1000
S21 2 8709000 8709999 52222 1000
S21 2 8710000 8710999 47717 1000
S21 2 8711000 8711999 48376 998
S21 2 8712000 8712999 53837 993
S21 2 8713000 8713999 51672 999
S21 2 8714000 8714999 44761 1000
S21 2 8715000 8715999 52839 1000
S21 2 8716000 8716999 57501 1000
S21 2 8717000 8717999 54030 1000
S21 2 8718000 8718999 55254 1000
S21 2 8719000 8719999 55885 1000
S21 2 8720000 8720999 51717 1000
S21 2 8721000 8721999 56899 1000
S21 2 8722000 8722999 51433 1000
S21 2 8723000 8723999 52251 1000
S21 2 8724000 8724999 49652 1000
S21 2 8725000 8725999 55708 1000
S21 2 8726000 8726999 51335 1000
S21 2 8727000 8727999 29859 991
S21 2 8728000 8728999 14503 964
S21 2 8729000 8729999 46384 999
S21 2 8730000 8730999 46222 999
S21 2 8731000 8731999 35066 999
S21 2 8732000 8732999 23883 1000
S21 2 8733000 8733999 24469 999
S21 2 8734000 8734999 29500 997
S21 2 8735000 8735999 40068 996
S21 2 8736000 8736999 33331 996
S21 2 8737000 8737999 25938 999
S21 2 8738000 8738999 3003 1000
S21 2 8739000 8739999 22502 1000
S21 2 8740000 8740999 14485 1000
S21 2 8741000 8741999 28899 1000
S21 2 8742000 8742999 13935 1000
S21 2 8743000 8743999 38517 961
S21 2 8744000 8744999 33373 1000
S21 2 8745000 8745999 23795 1000
S21 2 8746000 8746999 9315 998
S21 2 8747000 8747999 29639 1000
S21 2 8748000 8748999 33501 1000
S21 2 8749000 8749999 54016 1000
S21 2 8750000 8750999 56356 1000
S21 2 8751000 8751999 53840 1000
S21 2 8752000 8752999 54260 1000
S21 2 8753000 8753999 44796 1000
S21 2 8754000 8754999 48651 999
S21 2 8755000 8755999 54172 1000
S21 2 8756000 8756999 43391 998
S21 2 8757000 8757999 45209 999
S21 2 8758000 8758999 44676 994
S21 2 8759000 8759999 47318 1000
S21 2 8760000 8760999 45141 1000
S21 2 8761000 8761999 49258 1000
S21 2 8762000 8762999 48096 1000
S21 2 8763000 8763999 50788 1000
S21 2 8764000 8764999 57031 999
S21 2 8765000 8765999 51715 1000
S21 2 8766000 8766999 51570 1000
S21 2 8767000 8767999 59733 998
S21 2 8768000 8768999 49293 893
S22 2 8658000 8658999 11061 557
S22 2 8659000 8659999 26943 990
S22 2 8660000 8660999 30897 1000
S22 2 8661000 8661999 34369 1000
S22 2 8662000 8662999 33359 1000
S22 2 8663000 8663999 33214 1000
S22 2 8664000 8664999 34584 1000
S22 2 8665000 8665999 38691 1000
S22 2 8666000 8666999 30022 1000
S22 2 8667000 8667999 30022 1000
S22 2 8668000 8668999 25488 1000
S22 2 8669000 8669999 35620 998
S22 2 8670000 8670999 22330 1000
S22 2 8671000 8671999 30200 997
S22 2 8672000 8672999 34741 1000
S22 2 8673000 8673999 35196 1000
S22 2 8674000 8674999 24777 999
S22 2 8675000 8675999 26940 998
S22 2 8676000 8676999 25436 999
S22 2 8677000 8677999 35473 1000
S22 2 8678000 8678999 34649 1000
S22 2 8679000 8679999 29969 1000
S22 2 8680000 8680999 41885 999
S22 2 8681000 8681999 37259 1000
S22 2 8682000 8682999 41704 1000
S22 2 8683000 8683999 40039 1000
S22 2 8684000 8684999 33599 1000
S22 2 8685000 8685999 25805 1000
S22 2 8686000 8686999 38712 1000
S22 2 8687000 8687999 43698 1000
S22 2 8688000 8688999 26074 1000
S22 2 8689000 8689999 33332 1000
S22 2 8690000 8690999 41478 1000
S22 2 8691000 8691999 32110 1000
S22 2 8692000 8692999 41655 1000
S22 2 8693000 8693999 37998 1000
S22 2 8694000 8694999 38658 1000
S22 2 8695000 8695999 41986 1000
S22 2 8696000 8696999 26514 1000
S22 2 8697000 8697999 28905 1000
S22 2 8698000 8698999 24417 1000
S22 2 8699000 8699999 41278 1000
S22 2 8700000 8700999 46000 1000
S22 2 8701000 8701999 33352 1000
S22 2 8702000 8702999 34230 1000
S22 2 8703000 8703999 39235 1000
S22 2 8704000 8704999 30757 1000
S22 2 8705000 8705999 26900 1000
S22 2 8706000 8706999 23899 996
S22 2 8707000 8707999 32008 1000
S22 2 8708000 8708999 34352 1000
S22 2 8709000 8709999 37539 1000
S22 2 8710000 8710999 33866 1000
S22 2 8711000 8711999 29504 998
S22 2 8712000 8712999 36678 993
S22 2 8713000 8713999 28077 999
S22 2 8714000 8714999 25866 1000
S22 2 8715000 8715999 31136 1000
S22 2 8716000 8716999 42657 1000
S22 2 8717000 8717999 38979 1000
S22 2 8718000 8718999 37381 1000
S22 2 8719000 8719999 27108 1000
S22 2 8720000 8720999 40662 1000
S22 2 8721000 8721999 26714 1000
S22 2 8722000 8722999 31774 1000
S22 2 8723000 8723999 38881 1000
S22 2 8724000 8724999 40997 1000
S22 2 8725000 8725999 36361 1000
S22 2 8726000 8726999 31298 1000
S22 2 8727000 8727999 18386 991
S22 2 8728000 8728999 1330 964
S22 2 8729000 8729999 14063 999
S22 2 8730000 8730999 19833 999
S22 2 8731000 8731999 11469 999
S22 2 8732000 8732999 8781 1000
S22 2 8733000 8733999 15125 999
S22 2 8734000 8734999 23657 997
S22 2 8735000 8735999 20425 996
S22 2 8736000 8736999 24689 996
S22 2 8737000 8737999 10445 999
S22 2 8738000 8738999 3482 1000
S22 2 8739000 8739999 9878 1000
S22 2 8740000 8740999 8830 1000
S22 2 8741000 8741999 16611 1000
S22 2 8742000 8742999 10918 1000
S22 2 8743000 8743999 16093 961
S22 2 8744000 8744999 16666 1000
S22 2 8745000 8745999 11591 1000
S22 2 8746000 8746999 9593 998
S22 2 8747000 8747999 8794 1000
S22 2 8748000 8748999 17304 1000
S22 2 8749000 8749999 28236 1000
S22 2 8750000 8750999 36915 1000
S22 2 8751000 8751999 40724 1000
S22 2 8752000 8752999 39547 1000
S22 2 8753000 8753999 44450 1000
S22 2 8754000 8754999 31579 999
S22 2 8755000 8755999 18257 1000
S22 2 8756000 8756999 18428 998
S22 2 8757000 8757999 18196 999
S22 2 8758000 8758999 17766 994
S22 2 8759000 8759999 27108 1000
S22 2 8760000 8760999 22981 1000
S22 2 8761000 8761999 30065 1000
S22 2 8762000 8762999 30141 1000
S22 2 8763000 8763999 20504 1000
S22 2 8764000 8764999 31232 999
S22 2 8765000 8765999 41970 1000
S22 2 8766000 8766999 41000 1000
S22 2 8767000 8767999 50515 998
S22 2 8768000 8768999 37595 893
S3 2 8658000 8658999 35211 557
S3 2 8659000 8659999 60953 990
S3 2 8660000 8660999 50402 1000
S3 2 8661000 8661999 46478 1000
S3 2 8662000 8662999 49830 1000
S3 2 8663000 8663999 56021 1000
S3 2 8664000 8664999 60627 1000
S3 2 8665000 8665999 52044 1000
S3 2 8666000 8666999 68827 1000
S3 2 8667000 8667999 58087 1000
S3 2 8668000 8668999 55831 1000
S3 2 8669000 8669999 59511 998
S3 2 8670000 8670999 60482 1000
S3 2 8671000 8671999 50719 997
S3 2 8672000 8672999 59329 1000
S3 2 8673000 8673999 58906 1000
S3 2 8674000 8674999 50479 999
S3 2 8675000 8675999 57947 998
S3 2 8676000 8676999 53118 999
S3 2 8677000 8677999 50091 1000
S3 2 8678000 8678999 53312 1000
S3 2 8679000 8679999 54911 1000
S3 2 8680000 8680999 48826 999
S3 2 8681000 8681999 52319 1000
S3 2 8682000 8682999 64272 1000
S3 2 8683000 8683999 54810 1000
S3 2 8684000 8684999 53942 1000
S3 2 8685000 8685999 57777 1000
S3 2 8686000 8686999 53138 1000
S3 2 8687000 8687999 58389 1000
S3 2 8688000 8688999 51356 1000
S3 2 8689000 8689999 57906 1000
S3 2 8690000 8690999 54066 1000
S3 2 8691000 8691999 50727 1000
S3 2 8692000 8692999 59116 1000
S3 2 8693000 8693999 44959 1000
S3 2 8694000 8694999 50057 1000
S3 2 8695000 8695999 54007 1000
S3 2 8696000 8696999 48802 1000
S3 2 8697000 8697999 49424 1000
S3 2 8698000 8698999 55950 1000
S3 2 8699000 8699999 50677 1000
S3 2 8700000 8700999 48958 1000
S3 2 8701000 8701999 45974 1000
S3 2 8702000 8702999 50871 1000
S3 2 8703000 8703999 56649 1000
S3 2 8704000 8704999 46747 1000
S3 2 8705000 8705999 49441 1000
S3 2 8706000 8706999 50392 996
S3 2 8707000 8707999 56380 1000
S3 2 8708000 8708999 54703 1000
S3 2 8709000 8709999 48494 1000
S3 2 8710000 8710999 55310 1000
S3 2 8711000 8711999 53423 998
S3 2 8712000 8712999 57279 993
S3 2 8713000 8713999 56398 999
S3 2 8714000 8714999 46786 1000
S3 2 8715000 8715999 48006 1000
S3 2 8716000 8716999 41414 1000
S3 2 8717000 8717999 44439 1000
S3 2 8718000 8718999 54548 1000
S3 2 8719000 8719999 56883 1000
S3 2 8720000 8720999 47828 1000
S3 2 8721000 8721999 56986 1000
S3 2 8722000 8722999 46112 1000
S3 2 8723000 8723999 48792 1000
S3 2 8724000 8724999 48086 1000
S3 2 8725000 8725999 45772 1000
S3 2 8726000 8726999 42586 1000
S3 2 8727000 8727999 22936 991
S3 2 8728000 8728999 6834 964
S3 2 8729000 8729999 48608 999
S3 2 8730000 8730999 57263 999
S3 2 8731000 8731999 45877 999
S3 2 8732000 8732999 16043 1000
S3 2 8733000 8733999 37518 999
S3 2 8734000 8734999 28888 997
S3 2 8735000 8735999 30263 996
S3 2 8736000 8736999 33276 996
S3 2 8737000 8737999 3217 999
S3 2 8738000 8738999 11087 1000
S3 2 8739000 8739999 26231 1000
S3 2 8740000 8740999 18710 1000
S3 2 8741000 8741999 21258 1000
S3 2 8742000 8742999 23409 1000
S3 2 8743000 8743999 11467 961
S3 2 8744000 8744999 22827 1000
S3 2 8745000 8745999 23929 1000
S3 2 8746000 8746999 11314 998
S3 2 8747000 8747999 37336 1000
S3 2 8748000 8748999 37343 1000
S3 2 8749000 8749999 59274 1000
S3 2 8750000 8750999 57156 1000
S3 2 8751000 8751999 57921 1000
S3 2 8752000 8752999 56151 1000
S3 2 8753000 8753999 48243 1000
S3 2 8754000 8754999 49076 999
S3 2 8755000 8755999 59233 1000
S3 2 8756000 8756999 52408 998
S3 2 8757000 8757999 51731 999
S3 2 8758000 8758999 48746 994
S3 2 8759000 8759999 45176 1000
S3 2 8760000 8760999 44861 1000
S3 2 8761000 8761999 42129 1000
S3 2 8762000 8762999 51690 1000
S3 2 8763000 8763999 49734 1000
S3 2 8764000 8764999 60372 999
S3 2 8765000 8765999 49570 1000
S3 2 8766000 8766999 49259 1000
S3 2 8767000 8767999 53786 998
S3 2 8768000 8768999 45696 893
S4 2 8658000 8658999 24434 557
S4 2 8659000 8659999 37732 990
S4 2 8660000 8660999 43088 1000
S4 2 8661000 8661999 42577 1000
S4 2 8662000 8662999 35070 1000
S4 2 8663000 8663999 40421 1000
S4 2 8664000 8664999 47337 1000
S4 2 8665000 8665999 40227 1000
S4 2 8666000 8666999 36620 1000
S4 2 8667000 8667999 45384 1000
S4 2 8668000 8668999 44802 1000
S4 2 8669000 8669999 44267 998
S4 2 8670000 8670999 41951 1000
S4 2 8671000 8671999 48806 997
S4 2 8672000 8672999 44216 1000
S4 2 8673000 8673999 41816 1000
S4 2 8674000 8674999 40031 999
S4 2 8675000 8675999 45589 998
S4 2 8676000 8676999 38784 999
S4 2 8677000 8677999 46428 1000
S4 2 8678000 8678999 45474 1000
S4 2 8679000 8679999 41978 1000
S4 2 8680000 8680999 44920 999
S4 2 8681000 8681999 39344 1000
S4 2 8682000 8682999 47562 1000
S4 2 8683000 8683999 45994 1000
S4 2 8684000 8684999 42291 1000
S4 2 8685000 8685999 39588 1000
S4 2 8686000 8686999 49163 1000
S4 2 8687000 8687999 46547 1000
S4 2 8688000 8688999 43564 1000
S4 2 8689000 8689999 47539 1000
S4 2 8690000 8690999 40001 1000
S4 2 8691000 8691999 40582 1000
S4 2 8692000 8692999 48310 1000
S4 2 8693000 8693999 47434 1000
S4 2 8694000 8694999 47237 1000
S4 2 8695000 8695999 47831 1000
S4 2 8696000 8696999 44208 1000
S4 2 8697000 8697999 44312 1000
S4 2 8698000 8698999 46175 1000
S4 2 8699000 8699999 51076 1000
S4 2 8700000 8700999 43753 1000
S4 2 8701000 8701999 39967 1000
S4 2 8702000 8702999 40161 1000
S4 2 8703000 8703999 46874 1000
S4 2 8704000 8704999 41653 1000
S4 2 8705000 8705999 40225 1000
S4 2 8706000 8706999 41952 996
S4 2 8707000 8707999 39238 1000
S4 2 8708000 8708999 43585 1000
S4 2 8709000 8709999 40792 1000
S4 2 8710000 8710999 43578 1000
S4 2 8711000 8711999 42077 998
S4 2 8712000 8712999 40651 993
S4 2 8713000 8713999 39789 999
S4 2 8714000 8714999 38688 1000
S4 2 8715000 8715999 42832 1000
S4 2 8716000 8716999 45796 1000
S4 2 8717000 8717999 44663 1000
S4 2 8718000 8718999 44517 1000
S4 2 8719000 8719999 42390 1000
S4 2 8720000 8720999 44617 1000
S4 2 8721000 8721999 49147 1000
S4 2 8722000 8722999 44585 1000
S4 2 8723000 8723999 44490 1000
S4 2 8724000 8724999 41626 1000
S4 2 8725000 8725999 48804 1000
S4 2 8726000 8726999 42796 1000
S4 2 8727000 8727999 31886 991
S4 2 8728000 8728999 27603 964
S4 2 8729000 8729999 39143 999
S4 2 8730000 8730999 34873 999
S4 2 8731000 8731999 18607 999
S4 2 8732000 8732999 31773 1000
S4 2 8733000 8733999 21863 999
S4 2 8734000 8734999 17138 997
S4 2 8735000 8735999 22299 996
S4 2 8736000 8736999 25069 996
S4 2 8737000 8737999 21515 999
S4 2 8738000 8738999 22315 1000
S4 2 8739000 8739999 20872 1000
S4 2 8740000 8740999 19232 1000
S4 2 8741000 8741999 15731 1000
S4 2 8742000 8742999 15094 1000
S4 2 8743000 8743999 20846 961
S4 2 8744000 8744999 19561 1000
S4 2 8745000 8745999 20141 1000
S4 2 8746000 8746999 6347 998
S4 2 8747000 8747999 17651 1000
S4 2 8748000 8748999 24238 1000
S4 2 8749000 8749999 40108 1000
S4 2 8750000 8750999 43396 1000
S4 2 8751000 8751999 48866 1000
S4 2 8752000 8752999 45507 1000
S4 2 8753000 8753999 45344 1000
S4 2 8754000 8754999 34609 999
S4 2 8755000 8755999 39901 1000
S4 2 8756000 8756999 37867 998
S4 2 8757000 8757999 40247 999
S4 2 8758000 8758999 34535 994
S4 2 8759000 8759999 41536 1000
S4 2 8760000 8760999 41980 1000
S4 2 8761000 8761999 43610 1000
S4 2 8762000 8762999 43688 1000
S4 2 8763000 8763999 43071 1000
S4 2 8764000 8764999 40540 999
S4 2 8765000 8765999 51059 1000
S4 2 8766000 8766999 46029 1000
S4 2 8767000 8767999 42192 998
S4 2 8768000 8768999 40909 893
S5 2 8658000 8658999 22789 557
S5 2 8659000 8659999 32998 990
S5 2 8660000 8660999 38669 1000
S5 2 8661000 8661999 42519 1000
S5 2 8662000 8662999 38530 1000
S5 2 8663000 8663999 37997 1000
S5 2 8664000 8664999 44174 1000
S5 2 8665000 8665999 48261 1000
S5 2 8666000 8666999 49288 1000
S5 2 8667000 8667999 49537 1000
S5 2 8668000 8668999 39811 1000
S5 2 8669000 8669999 44418 998
S5 2 8670000 8670999 46526 1000
S5 2 8671000 8671999 41558 997
S5 2 8672000 8672999 45431 1000
S5 2 8673000 8673999 45085 1000
S5 2 8674000 8674999 42510 999
S5 2 8675000 8675999 42089 998
S5 2 8676000 8676999 40592 999
S5 2 8677000 8677999 43255 1000
S5 2 8678000 8678999 41344 1000
S5 2 8679000 8679999 45740 1000
S5 2 8680000 8680999 43201 999
S5 2 8681000 8681999 41451 1000
S5 2 8682000 8682999 44477 1000
S5 2 8683000 8683999 43274 1000
S5 2 8684000 8684999 40748 1000
S5 2 8685000 8685999 44996 1000
S5 2 8686000 8686999 43991 1000
S5 2 8687000 8687999 41279 1000
S5 2 8688000 8688999 40364 1000
S5 2 8689000 8689999 44163 1000
S5 2 8690000 8690999 39527 1000
S5 2 8691000 8691999 43704 1000
S5 2 8692000 8692999 44516 1000
S5 2 8693000 8693999 39529 1000
S5 2 8694000 8694999 41604 1000
S5 2 8695000 8695999 41366 1000
S5 2 8696000 8696999 44450 1000
S5 2 8697000 8697999 43093 1000
S5 2 8698000 8698999 48959 1000
S5 2 8699000 8699999 41918 1000
S5 2 8700000 8700999 39103 1000
S5 2 8701000 8701999 36349 1000
S5 2 8702000 8702999 44054 1000
S5 2 8703000 8703999 38937 1000
S5 2 8704000 8704999 41008 1000
S5 2 8705000 8705999 39995 1000
S5 2 8706000 8706999 42210 996
S5 2 8707000 8707999 41562 1000
S5 2 8708000 8708999 38676 1000
S5 2 8709000 8709999 38530 1000
S5 2 8710000 8710999 41338 1000
S5 2 8711000 8711999 42518 998
S5 2 8712000 8712999 42074 993
S5 2 8713000 8713999 44676 999
S5 2 8714000 8714999 39797 1000
S5 2 8715000 8715999 47902 1000
S5 2 8716000 8716999 39444 1000
S5 2 8717000 8717999 38700 1000
S5 2 8718000 8718999 43233 1000
S5 2 8719000 8719999 44188 1000
S5 2 8720000 8720999 39727 1000
S5 2 8721000 8721999 44756 1000
S5 2 8722000 8722999 42364 1000
S5 2 8723000 8723999 44729 1000
S5 2 8724000 8724999 41345 1000
S5 2 8725000 8725999 42385 1000
S5 2 8726000 8726999 39575 1000
S5 2 8727000 8727999 22319 991
S5 2 8728000 8728999 16367 964
S5 2 8729000 8729999 30228 999
S5 2 8730000 8730999 44584 999
S5 2 8731000 8731999 34905 999
S5 2 8732000 8732999 17737 1000
S5 2 8733000 8733999 16433 999
S5 2 8734000 8734999 22367 997
S5 2 8735000 8735999 26979 996
S5 2 8736000 8736999 27631 996
S5 2 8737000 8737999 7010 999
S5 2 8738000 8738999 25605 1000
S5 2 8739000 8739999 15650 1000
S5 2 8740000 8740999 22519 1000
S5 2 8741000 8741999 21369 1000
S5 2 8742000 8742999 18045 1000
S5 2 8743000 8743999 20040 961
S5 2 8744000 8744999 13559 1000
S5 2 8745000 8745999 9940 1000
S5 2 8746000 8746999 9150 998
S5 2 8747000 8747999 15718 1000
S5 2 8748000 8748999 27202 1000
S5 2 8749000 8749999 44917 1000
S5 2 8750000 8750999 43014 1000
S5 2 8751000 8751999 42618 1000
S5 2 8752000 8752999 41966 1000
S5 2 8753000 8753999 44763 1000
S5 2 8754000 8754999 37453 999
S5 2 8755000 8755999 40135 1000
S5 2 8756000 8756999 40676 998
S5 2 8757000 8757999 38816 999
S5 2 8758000 8758999 41942 994
S5 2 8759000 8759999 40751 1000
S5 2 8760000 8760999 41778 1000
S5 2 8761000 8761999 37012 1000
S5 2 8762000 8762999 47426 1000
S5 2 8763000 8763999 50013 1000
S5 2 8764000 8764999 53135 999
S5 2 8765000 8765999 38861 1000
S5 2 8766000 8766999 41781 1000
S5 2 8767000 8767999 38951 998
S5 2 8768000 8768999 39629 893
S6 2 8658000 8658999 25387 557
S6 2 8659000 8659999 41881 990
S6 2 8660000 8660999 50345 1000
S6 2 8661000 8661999 46959 1000
S6 2 8662000 8662999 43941 1000
S6 2 8663000 8663999 49394 1000
S6 2 8664000 8664999 48705 1000
S6 2 8665000 8665999 48284 1000
S6 2 8666000 8666999 43909 1000
S6 2 8667000 8667999 48165 1000
S6 2 8668000 8668999 43414 1000
S6 2 8669000 8669999 47543 998
S6 2 8670000 8670999 46114 1000
S6 2 8671000 8671999 49564 997
S6 2 8672000 8672999 46524 1000
S6 2 8673000 8673999 42736 1000
S6 2 8674000 8674999 46992 999
S6 2 8675000 8675999 46386 998
S6 2 8676000 8676999 42619 999
S6 2 8677000 8677999 46996 1000
S6 2 8678000 8678999 53568 1000
S6 2 8679000 8679999 46490 1000
S6 2 8680000 8680999 45407 999
S6 2 8681000 8681999 45692 1000
S6 2 8682000 8682999 46089 1000
S6 2 8683000 8683999 43382 1000
S6 2 8684000 8684999 41998 1000
S6 2 8685000 8685999 40986 1000
S6 2 8686000 8686999 41878 1000
S6 2 8687000 8687999 45729 1000
S6 2 8688000 8688999 43802 1000
S6 2 8689000 8689999 43482 1000
S6 2 8690000 8690999 47759 1000
S6 2 8691000 8691999 46503 1000
S6 2 8692000 8692999 51006 1000
S6 2 8693000 8693999 38750 1000
S6 2 8694000 8694999 44952 1000
S6 2 8695000 8695999 43841 1000
S6 2 8696000 8696999 52907 1000
S6 2 8697000 8697999 46913 1000
S6 2 8698000 8698999 39811 1000
S6 2 8699000 8699999 42236 1000
S6 2 8700000 8700999 45193 1000
S6 2 8701000 8701999 40137 1000
S6 2 8702000 8702999 45754 1000
S6 2 8703000 8703999 43451 1000
S6 2 8704000 8704999 45976 1000
S6 2 8705000 8705999 41209 1000
S6 2 8706000 8706999 39802 996
S6 2 8707000 8707999 42768 1000
S6 2 8708000 8708999 48174 1000
S6 2 8709000 8709999 40454 1000
S6 2 8710000 8710999 44002 1000
S6 2 8711000 8711999 45843 998
S6 2 8712000 8712999 45785 993
S6 2 8713000 8713999 45532 999
S6 2 8714000 8714999 46964 1000
S6 2 8715000 8715999 41067 1000
S6 2 8716000 8716999 39760 1000
S6 2 8717000 8717999 42969 1000
S6 2 8718000 8718999 50438 1000
S6 2 8719000 8719999 41954 1000
S6 2 8720000 8720999 44188 1000
S6 2 8721000 8721999 51451 1000
S6 2 8722000 8722999 45167 1000
S6 2 8723000 8723999 46348 1000
S6 2 8724000 8724999 42414 1000
S6 2 8725000 8725999 45470 1000
S6 2 8726000 8726999 48208 1000
S6 2 8727000 8727999 36924 991
S6 2 8728000 8728999 13355 964
S6 2 8729000 8729999 37880 999
S6 2 8730000 8730999 43452 999
S6 2 8731000 8731999 28411 999
S6 2 8732000 8732999 21119 1000
S6 2 8733000 8733999 19178 999
S6 2 8734000 8734999 28028 997
S6 2 8735000 8735999 35989 996
S6 2 8736000 8736999 32010 996
S6 2 8737000 8737999 23575 999
S6 2 8738000 8738999 14131 1000
S6 2 8739000 8739999 10502 1000
S6 2 8740000 8740999 22926 1000
S6 2 8741000 8741999 18689 1000
S6 2 8742000 8742999 9460 1000
S6 2 8743000 8743999 21100 961
S6 2 8744000 8744999 34190 1000
S6 2 8745000 8745999 16515 1000
S6 2 8746000 8746999 15707 998
S6 2 8747000 8747999 28425 1000
S6 2 8748000 8748999 29667 1000
S6 2 8749000 8749999 47048 1000
S6 2 8750000 8750999 47763 1000
S6 2 8751000 8751999 54495 1000
S6 2 8752000 8752999 43486 1000
S6 2 8753000 8753999 44839 1000
S6 2 8754000 8754999 41781 999
S6 2 8755000 8755999 40471 1000
S6 2 8756000 8756999 32790 998
S6 2 8757000 8757999 40929 999
S6 2 8758000 8758999 42166 994
S6 2 8759000 8759999 38661 1000
S6 2 8760000 8760999 42514 1000
S6 2 8761000 8761999 43270 1000
S6 2 8762000 8762999 44189 1000
S6 2 8763000 8763999 44415 1000
S6 2 8764000 8764999 47944 999
S6 2 8765000 8765999 41419 1000
S6 2 8766000 8766999 46720 1000
S6 2 8767000 8767999 46589 998
S6 2 8768000 8768999 37965 893
S7 2 8658000 8658999 17947 557
S7 2 8659000 8659999 24951 990
S7 2 8660000 8660999 30547 1000
S7 2 8661000 8661999 34809 1000
S7 2 8662000 8662999 26073 1000
S7 2 8663000 8663999 32758 1000
S7 2 8664000 8664999 32073 1000
S7 2 8665000 8665999 36104 1000
S7 2 8666000 8666999 34235 1000
S7 2 8667000 8667999 34303 1000
S7 2 8668000 8668999 31222 1000
S7 2 8669000 8669999 30701 998
S7 2 8670000 8670999 27835 1000
S7 2 8671000 8671999 28132 997
S7 2 8672000 8672999 33721 1000
S7 2 8673000 8673999 31219 1000
S7 2 8674000 8674999 33203 999
S7 2 8675000 8675999 33533 998
S7 2 8676000 8676999 35482 999
S7 2 8677000 8677999 34479 1000
S7 2 8678000 8678999 39046 1000
S7 2 8679000 8679999 32214 1000
S7 2 8680000 8680999 35221 999
S7 2 8681000 8681999 33867 1000
S7 2 8682000 8682999 34770 1000
S7 2 8683000 8683999 32511 1000
S7 2 8684000 8684999 34976 1000
S7 2 8685000 8685999 32650 1000
S7 2 8686000 8686999 38107 1000
S7 2 8687000 8687999 34874 1000
S7 2 8688000 8688999 31763 1000
S7 2 8689000 8689999 35724 1000
S7 2 8690000 8690999 29205 1000
S7 2 8691000 8691999 28227 1000
S7 2 8692000 8692999 35491 1000
S7 2 8693000 8693999 33209 1000
S7 2 8694000 8694999 33900 1000
S7 2 8695000 8695999 37403 1000
S7 2 8696000 8696999 33025 1000
S7 2 8697000 8697999 32545 1000
S7 2 8698000 8698999 31638 1000
S7 2 8699000 8699999 35098 1000
S7 2 8700000 8700999 36054 1000
S7 2 8701000 8701999 28815 1000
S7 2 8702000 8702999 35220 1000
S7 2 8703000 8703999 31149 1000
S7 2 8704000 8704999 30443 1000
S7 2 8705000 8705999 33565 1000
S7 2 8706000 8706999 20940 996
S7 2 8707000 8707999 32844 1000
S7 2 8708000 8708999 34152 1000
S7 2 8709000 8709999 32492 1000
S7 2 8710000 8710999 34799 1000
S7 2 8711000 8711999 31767 998
S7 2 8712000 8712999 34091 993
S7 2 8713000 8713999 28786 999
S7 2 8714000 8714999 27691 1000
S7 2 8715000 8715999 29497 1000
S7 2 8716000 8716999 33363 1000
S7 2 8717000 8717999 34193 1000
S7 2 8718000 8718999 31754 1000
S7 2 8719000 8719999 31842 1000
S7 2 8720000 8720999 38057 1000
S7 2 8721000 8721999 32867 1000
S7 2 8722000 8722999 33953 1000
S7 2 8723000 8723999 31982 1000
S7 2 8724000 8724999 32553 1000
S7 2 8725000 8725999 33446 1000
S7 2 8726000 8726999 37671 1000
S7 2 8727000 8727999 26785 991
S7 2 8728000 8728999 18291 964
S7 2 8729000 8729999 18440 999
S7 2 8730000 8730999 27793 999
S7 2 8731000 8731999 20364 999
S7 2 8732000 8732999 17820 1000
S7 2 8733000 8733999 15733 999
S7 2 8734000 8734999 9776 997
S7 2 8735000 8735999 11683 996
S7 2 8736000 8736999 18425 996
S7 2 8737000 8737999 9455 999
S7 2 8738000 8738999 10708 1000
S7 2 8739000 8739999 15484 1000
S7 2 8740000 8740999 14513 1000
S7 2 8741000 8741999 9695 1000
S7 2 8742000 8742999 4637 1000
S7 2 8743000 8743999 13202 961
S7 2 8744000 8744999 18543 1000
S7 2 8745000 8745999 18117 1000
S7 2 8746000 8746999 5465 998
S7 2 8747000 8747999 15550 1000
S7 2 8748000 8748999 17937 1000
S7 2 8749000 8749999 27591 1000
S7 2 8750000 8750999 33120 1000
S7 2 8751000 8751999 32492 1000
S7 2 8752000 8752999 35528 1000
S7 2 8753000 8753999 34573 1000
S7 2 8754000 8754999 27198 999
S7 2 8755000 8755999 26060 1000
S7 2 8756000 8756999 26721 998
S7 2 8757000 8757999 32781 999
S7 2 8758000 8758999 24184 994
S7 2 8759000 8759999 27224 1000
S7 2 8760000 8760999 31950 1000
S7 2 8761000 8761999 34525 1000
S7 2 8762000 8762999 35471 1000
S7 2 8763000 8763999 29154 1000
S7 2 8764000 8764999 31616 999
S7 2 8765000 8765999 33774 1000
S7 2 8766000 8766999 35896 1000
S7 2 8767000 8767999 34311 998
S7 2 8768000 8768999 30665 893
S8 2 8658000 8658999 30968 557
S8 2 8659000 8659999 42550 990
S8 2 8660000 8660999 45408 1000
S8 2 8661000 8661999 44169 1000
S8 2 8662000 8662999 43736 1000
S8 2 8663000 8663999 50085 1000
S8 2 8664000 8664999 41959 1000
S8 2 8665000 8665999 51235 1000
S8 2 8666000 8666999 55830 1000
S8 2 8667000 8667999 50274 1000
S8 2 8668000 8668999 50091 1000
S8 2 8669000 8669999 40053 998
S8 2 8670000 8670999 56270 1000
S8 2 8671000 8671999 42697 997
S8 2 8672000 8672999 46390 1000
S8 2 8673000 8673999 46385 1000
S8 2 8674000 8674999 47400 999
S8 2 8675000 8675999 53244 998
S8 2 8676000 8676999 51655 999
S8 2 8677000 8677999 44593 1000
S8 2 8678000 8678999 49396 1000
S8 2 8679000 8679999 50593 1000
S8 2 8680000 8680999 46136 999
S8 2 8681000 8681999 44554 1000
S8 2 8682000 8682999 50109 1000
S8 2 8683000 8683999 44787 1000
S8 2 8684000 8684999 44442 1000
S8 2 8685000 8685999 41733 1000
S8 2 8686000 8686999 43901 1000
S8 2 8687000 8687999 39875 1000
S8 2 8688000 8688999 40341 1000
S8 2 8689000 8689999 49533 1000
S8 2 8690000 8690999 44643 1000
S8 2 8691000 8691999 42885 1000
S8 2 8692000 8692999 42329 1000
S8 2 8693000 8693999 41411 1000
S8 2 8694000 8694999 41850 1000
S8 2 8695000 8695999 44725 1000
S8 2 8696000 8696999 47337 1000
S8 2 8697000 8697999 48064 1000
S8 2 8698000 8698999 51726 1000
S8 2 8699000 8699999 47380 1000
S8 2 8700000 8700999 44432 1000
S8 2 8701000 8701999 45726 1000
S8 2 8702000 8702999 48274 1000
S8 2 8703000 8703999 49144 1000
S8 2 8704000 8704999 47456 1000
S8 2 8705000 8705999 46686 1000
S8 2 8706000 8706999 37084 996
S8 2 8707000 8707999 38802 1000
S8 2 8708000 8708999 43208 1000
S8 2 8709000 8709999 43131 1000
S8 2 8710000 8710999 41904 1000
S8 2 8711000 8711999 48063 998
S8 2 8712000 8712999 50570 993
S8 2 8713000 8713999 44158 999
S8 2 8714000 8714999 50539 1000
S8 2 8715000 8715999 48834 1000
S8 2 8716000 8716999 50312 1000
S8 2 8717000 8717999 44342 1000
S8 2 8718000 8718999 47621 1000
S8 2 8719000 8719999 44541 1000
S8 2 8720000 8720999 41887 1000
S8 2 8721000 8721999 54053 1000
S8 2 8722000 8722999 51847 1000
S8 2 8723000 8723999 48762 1000
S8 2 8724000 8724999 44965 1000
S8 2 8725000 8725999 49903 1000
S8 2 8726000 8726999 46007 1000
S8 2 8727000 8727999 45039 991
S8 2 8728000 8728999 35477 964
S8 2 8729000 8729999 33929 999
S8 2 8730000 8730999 49545 999
S8 2 8731000 8731999 36356 999
S8 2 8732000 8732999 28162 1000
S8 2 8733000 8733999 24099 999
S8 2 8734000 8734999 14256 997
S8 2 8735000 8735999 16968 996
S8 2 8736000 8736999 26658 996
S8 2 8737000 8737999 16339 999
S8 2 8738000 8738999 16060 1000
S8 2 8739000 8739999 27338 1000
S8 2 8740000 8740999 20848 1000
S8 2 8741000 8741999 20786 1000
S8 2 8742000 8742999 6619 1000
S8 2 8743000 8743999 16301 961
S8 2 8744000 8744999 27111 1000
S8 2 8745000 8745999 24777 1000
S8 2 8746000 8746999 12873 998
S8 2 8747000 8747999 26574 1000
S8 2 8748000 8748999 29996 1000
S8 2 8749000 8749999 51114 1000
S8 2 8750000 8750999 48933 1000
S8 2 8751000 8751999 47648 1000
S8 2 8752000 8752999 49243 1000
S8 2 8753000 8753999 43649 1000
S8 2 8754000 8754999 45377 999
S8 2 8755000 8755999 54806 1000
S8 2 8756000 8756999 45448 998
S8 2 8757000 8757999 45494 999
S8 2 8758000 8758999 46435 994
S8 2 8759000 8759999 43395 1000
S8 2 8760000 8760999 46582 1000
S8 2 8761000 8761999 45974 1000
S8 2 8762000 8762999 47107 1000
S8 2 8763000 8763999 52329 1000
S8 2 8764000 8764999 47370 999
S8 2 8765000 8765999 42526 1000
S8 2 8766000 8766999 46596 1000
S8 2 8767000 8767999 48741 998
S8 2 8768000 8768999 35832 893
S9 2 8658000 8658999 26371 557
S9 2 8659000 8659999 45912 990
S9 2 8660000 8660999 42800 1000
S9 2 8661000 8661999 48099 1000
S9 2 8662000 8662999 44848 1000
S9 2 8663000 8663999 48752 1000
S9 2 8664000 8664999 45619 1000
S9 2 8665000 8665999 50136 1000
S9 2 8666000 8666999 56910 1000
S9 2 8667000 8667999 54007 1000
S9 2 8668000 8668999 49831 1000
S9 2 8669000 8669999 47279 998
S9 2 8670000 8670999 50427 1000
S9 2 8671000 8671999 45587 997
S9 2 8672000 8672999 46540 1000
S9 2 8673000 8673999 48775 1000
S9 2 8674000 8674999 48093 999
S9 2 8675000 8675999 49513 998
S9 2 8676000 8676999 59124 999
S9 2 8677000 8677999 52175 1000
S9 2 8678000 8678999 51902 1000
S9 2 8679000 8679999 56782 1000
S9 2 8680000 8680999 47096 999
S9 2 8681000 8681999 49410 1000
S9 2 8682000 8682999 47589 1000
S9 2 8683000 8683999 44104 1000
S9 2 8684000 8684999 40639 1000
S9 2 8685000 8685999 43753 1000
S9 2 8686000 8686999 46946 1000
S9 2 8687000 8687999 47780 1000
S9 2 8688000 8688999 52891 1000
S9 2 8689000 8689999 47536 1000
S9 2 8690000 8690999 47794 1000
S9 2 8691000 8691999 51040 1000
S9 2 8692000 8692999 51058 1000
S9 2 8693000 8693999 42411 1000
S9 2 8694000 8694999 41143 1000
S9 2 8695000 8695999 45737 1000
S9 2 8696000 8696999 50593 1000
S9 2 8697000 8697999 51578 1000
S9 2 8698000 8698999 51958 1000
S9 2 8699000 8699999 49270 1000
S9 2 8700000 8700999 48559 1000
S9 2 8701000 8701999 44381 1000
S9 2 8702000 8702999 45722 1000
S9 2 8703000 8703999 45373 1000
S9 2 8704000 8704999 47570 1000
S9 2 8705000 8705999 46221 1000
S9 2 8706000 8706999 42509 996
S9 2 8707000 8707999 47191 1000
S9 2 8708000 8708999 45452 1000
S9 2 8709000 8709999 43727 1000
S9 2 8710000 8710999 48010 1000
S9 2 8711000 8711999 44731 998
S9 2 8712000 8712999 50126 993
S9 2 8713000 8713999 47457 999
S9 2 8714000 8714999 45155 1000
S9 2 8715000 8715999 46876 1000
S9 2 8716000 8716999 50747 1000
S9 2 8717000 8717999 42228 1000
S9 2 8718000 8718999 54728 1000
S9 2 8719000 8719999 50183 1000
S9 2 8720000 8720999 45243 1000
S9 2 8721000 8721999 53996 1000
S9 2 8722000 8722999 52161 1000
S9 2 8723000 8723999 45827 1000
S9 2 8724000 8724999 47197 1000
S9 2 8725000 8725999 50393 1000
S9 2 8726000 8726999 51609 1000
S9 2 8727000 8727999 31162 991
S9 2 8728000 8728999 4918 964
S9 2 8729000 8729999 41028 999
S9 2 8730000 8730999 55668 999
S9 2 8731000 8731999 36521 999
S9 2 8732000 8732999 32793 1000
S9 2 8733000 8733999 28197 999
S9 2 8734000 8734999 17927 997
S9 2 8735000 8735999 29403 996
S9 2 8736000 8736999 35663 996
S9 2 8737000 8737999 10667 999
S9 2 8738000 8738999 17631 1000
S9 2 8739000 8739999 28253 1000
S9 2 8740000 8740999 27362 1000
S9 2 8741000 8741999 21298 1000
S9 2 8742000 8742999 21152 1000
S9 2 8743000 8743999 18726 961
S9 2 8744000 8744999 30837 1000
S9 2 8745000 8745999 20850 1000
S9 2 8746000 8746999 13331 998
S9 2 8747000 8747999 36479 1000
S9 2 8748000 8748999 31715 1000
S9 2 8749000 8749999 50470 1000
S9 2 8750000 8750999 48767 1000
S9 2 8751000 8751999 55185 1000
S9 2 8752000 8752999 46832 1000
S9 2 8753000 8753999 48091 1000
S9 2 8754000 8754999 49204 999
S9 2 8755000 8755999 45372 1000
S9 2 8756000 8756999 46524 998
S9 2 8757000 8757999 46772 999
S9 2 8758000 8758999 46860 994
S9 2 8759000 8759999 44985 1000
S9 2 8760000 8760999 46015 1000
S9 2 8761000 8761999 47196 1000
S9 2 8762000 8762999 51063 1000
S9 2 8763000 8763999 52486 1000
S9 2 8764000 8764999 51623 999
S9 2 8765000 8765999 45152 1000
S9 2 8766000 8766999 49297 1000
S9 2 8767000 8767999 45035 998
S9 2 8768000 8768999 34487 893
