Indiv CHROM pos1 pos2 sum_depth n_sites
S1 3 9766000 9766999 7164 157
S1 3 9767000 9767999 45980 1000
S1 3 9768000 9768999 39303 999
S1 3 9769000 9769999 38418 1000
S1 3 9770000 9770999 42644 1000
S1 3 9771000 9771999 38135 999
S1 3 9772000 9772999 38229 1000
S1 3 9773000 9773999 35159 1000
S1 3 9774000 9774999 42474 1000
S1 3 9775000 9775999 39465 1000
S1 3 9776000 9776999 41947 1000
S1 3 9777000 9777999 41198 1000
S1 3 9778000 9778999 39698 1000
S1 3 9779000 9779999 40432 1000
S1 3 9780000 9780999 39168 1000
S1 3 9781000 9781999 41286 1000
S1 3 9782000 9782999 39599 912
S1 3 9783000 9783999 93860 995
S1 3 9784000 9784999 25822 957
S1 3 9785000 9785999 7040 1000
S1 3 9786000 9786999 51380 967
S1 3 9787000 9787999 28211 966
S1 3 9788000 9788999 37301 1000
S1 3 9789000 9789999 40634 1000
S1 3 9790000 9790999 42364 1000
S1 3 9791000 9791999 40920 1000
S1 3 9792000 9792999 39573 999
S1 3 9793000 9793999 38121 999
S1 3 9794000 9794999 39055 1000
S1 3 9795000 9795999 39006 1000
S1 3 9796000 9796999 38979 1000
S1 3 9797000 9797999 39183 1000
S1 3 9798000 9798999 39952 1000
S1 3 9799000 9799999 48875 1000
S1 3 9800000 9800999 39757 1000
S1 3 9801000 9801999 39616 1000
S1 3 9802000 9802999 39098 1000
S1 3 9803000 9803999 44974 998
S1 3 9804000 9804999 42259 995
S1 3 9805000 9805999 44776 1000
S1 3 9806000 9806999 43638 1000
S1 3 9807000 9807999 39838 997
S1 3 9808000 9808999 41565 1000
S1 3 9809000 9809999 36550 1000
S1 3 9810000 9810999 38129 1000
S1 3 9811000 9811999 40657 1000
S1 3 9812000 9812999 44348 1000
S1 3 9813000 9813999 43801 1000
S1 3 9814000 9814999 44092 1000
S1 3 9815000 9815999 41448 1000
S1 3 9816000 9816999 41666 1000
S1 3 9817000 9817999 44444 1000
S1 3 9818000 9818999 42431 1000
S1 3 9819000 9819999 42127 1000
S1 3 9820000 9820999 39567 1000
S1 3 9821000 9821999 39425 1000
S1 3 9822000 9822999 47664 1000
S1 3 9823000 9823999 43862 1000
S1 3 9824000 9824999 38553 1000
S1 3 9825000 9825999 45177 1000
S1 3 9826000 9826999 43150 1000
S1 3 9827000 9827999 41578 1000
S1 3 9828000 9828999 40541 1000
S1 3 9829000 9829999 40512 1000
S1 3 9830000 9830999 38717 1000
S1 3 9831000 9831999 39226 1000
S1 3 9832000 9832999 40086 1000
S1 3 9833000 9833999 41819 999
S1 3 9834000 9834999 40673 1000
S1 3 9835000 9835999 41654 996
S1 3 9836000 9836999 43938 1000
S1 3 9837000 9837999 43044 1000
S1 3 9838000 9838999 42320 1000
S1 3 9839000 9839999 45892 999
S1 3 9840000 9840999 42474 1000
S1 3 9841000 9841999 41694 1000
S1 3 9842000 9842999 39061 1000
S1 3 9843000 9843999 45381 1000
S1 3 9844000 9844999 37594 1000
S1 3 9845000 9845999 37459 1000
S1 3 9846000 9846999 38457 1000
S1 3 9847000 9847999 45437 1000
S1 3 9848000 9848999 43255 1000
S1 3 9849000 9849999 41480 1000
S1 3 9850000 9850999 39491 1000
S1 3 9851000 9851999 41833 1000
S1 3 9852000 9852999 43978 1000
S1 3 9853000 9853999 42260 1000
S1 3 9854000 9854999 42678 1000
S1 3 9855000 9855999 42073 1000
S1 3 9856000 9856999 26298 610
S10 3 9766000 9766999 8722 157
S10 3 9767000 9767999 40588 1000
S10 3 9768000 9768999 51990 999
S10 3 9769000 9769999 45916 1000
S10 3 9770000 9770999 48104 1000
S10 3 9771000 9771999 40979 999
S10 3 9772000 9772999 37894 1000
S10 3 9773000 9773999 43792 1000
S10 3 9774000 9774999 39493 1000
S10 3 9775000 9775999 43645 1000
S10 3 9776000 9776999 42823 1000
S10 3 9777000 9777999 43221 1000
S10 3 9778000 9778999 46110 1000
S10 3 9779000 9779999 44795 1000
S10 3 9780000 9780999 44937 1000
S10 3 9781000 9781999 42367 1000
S10 3 9782000 9782999 5798 912
S10 3 9783000 9783999 23368 995
S10 3 9784000 9784999 10125 957
S10 3 9785000 9785999 3366 1000
S10 3 9786000 9786999 16666 967
S10 3 9787000 9787999 27446 966
S10 3 9788000 9788999 43275 1000
S10 3 9789000 9789999 41754 1000
S10 3 9790000 9790999 43643 1000
S10 3 9791000 9791999 45561 1000
S10 3 9792000 9792999 41201 999
S10 3 9793000 9793999 38879 999
S10 3 9794000 9794999 42277 1000
S10 3 9795000 9795999 46047 1000
S10 3 9796000 9796999 40945 1000
S10 3 9797000 9797999 43881 1000
S10 3 9798000 9798999 48559 1000
S10 3 9799000 9799999 55333 1000
S10 3 9800000 9800999 44488 1000
S10 3 9801000 9801999 42199 1000
S10 3 9802000 9802999 36666 1000
S10 3 9803000 9803999 53744 998
S10 3 9804000 9804999 39830 995
S10 3 9805000 9805999 44337 1000
S10 3 9806000 9806999 38804 1000
S10 3 9807000 9807999 43346 997
S10 3 9808000 9808999 53267 1000
S10 3 9809000 9809999 47267 1000
S10 3 9810000 9810999 43431 1000
S10 3 9811000 9811999 50019 1000
S10 3 9812000 9812999 48812 1000
S10 3 9813000 9813999 47157 1000
S10 3 9814000 9814999 42334 1000
S10 3 9815000 9815999 40491 1000
S10 3 9816000 9816999 48148 1000
S10 3 9817000 9817999 50031 1000
S10 3 9818000 9818999 46617 1000
S10 3 9819000 9819999 42187 1000
S10 3 9820000 9820999 53690 1000
S10 3 9821000 9821999 48660 1000
S10 3 9822000 9822999 35656 1000
S10 3 9823000 9823999 49670 1000
S10 3 9824000 9824999 44115 1000
S10 3 9825000 9825999 47611 1000
S10 3 9826000 9826999 41864 1000
S10 3 9827000 9827999 43831 1000
S10 3 9828000 9828999 42400 1000
S10 3 9829000 9829999 38680 1000
S10 3 9830000 9830999 41630 1000
S10 3 9831000 9831999 49964 1000
S10 3 9832000 9832999 46991 1000
S10 3 9833000 9833999 43037 999
S10 3 9834000 9834999 43425 1000
S10 3 9835000 9835999 41536 996
S10 3 9836000 9836999 43097 1000
S10 3 9837000 9837999 47378 1000
S10 3 9838000 9838999 41081 1000
S10 3 9839000 9839999 46119 999
S10 3 9840000 9840999 41674 1000
S10 3 9841000 9841999 48373 1000
S10 3 9842000 9842999 46972 1000
S10 3 9843000 9843999 43858 1000
S10 3 9844000 9844999 46704 1000
S10 3 9845000 9845999 52208 1000
S10 3 9846000 9846999 45779 1000
S10 3 9847000 9847999 46185 1000
S10 3 9848000 9848999 52081 1000
S10 3 9849000 9849999 46865 1000
S10 3 9850000 9850999 45336 1000
S10 3 9851000 9851999 46349 1000
S10 3 9852000 9852999 47351 1000
S10 3 9853000 9853999 45741 1000
S10 3 9854000 9854999 46443 1000
S10 3 9855000 9855999 51060 1000
S10 3 9856000 9856999 32917 610
S11 3 9766000 9766999 8368 157
S11 3 9767000 9767999 49216 1000
S11 3 9768000 9768999 46971 999
S11 3 9769000 9769999 42436 1000
S11 3 9770000 9770999 45151 1000
S11 3 9771000 9771999 50707 999
S11 3 9772000 9772999 44747 1000
S11 3 9773000 9773999 47486 1000
S11 3 9774000 9774999 40745 1000
S11 3 9775000 9775999 41724 1000
S11 3 9776000 9776999 52610 1000
S11 3 9777000 9777999 53154 1000
S11 3 9778000 9778999 54568 1000
S11 3 9779000 9779999 52061 1000
S11 3 9780000 9780999 42076 1000
S11 3 9781000 9781999 44161 1000
S11 3 9782000 9782999 49816 912
S11 3 9783000 9783999 110440 995
S11 3 9784000 9784999 66333 957
S11 3 9785000 9785999 11218 1000
S11 3 9786000 9786999 65111 967
S11 3 9787000 9787999 32413 966
S11 3 9788000 9788999 46756 1000
S11 3 9789000 9789999 46831 1000
S11 3 9790000 9790999 38000 1000
S11 3 9791000 9791999 46881 1000
S11 3 9792000 9792999 45046 999
S11 3 9793000 9793999 43395 999
S11 3 9794000 9794999 42737 1000
S11 3 9795000 9795999 43083 1000
S11 3 9796000 9796999 44330 1000
S11 3 9797000 9797999 42982 1000
S11 3 9798000 9798999 49631 1000
S11 3 9799000 9799999 61313 1000
S11 3 9800000 9800999 50744 1000
S11 3 9801000 9801999 49405 1000
S11 3 9802000 9802999 51895 1000
S11 3 9803000 9803999 55460 998
S11 3 9804000 9804999 51064 995
S11 3 9805000 9805999 43088 1000
S11 3 9806000 9806999 44031 1000
S11 3 9807000 9807999 53033 997
S11 3 9808000 9808999 57413 1000
S11 3 9809000 9809999 48652 1000
S11 3 9810000 9810999 50053 1000
S11 3 9811000 9811999 56087 1000
S11 3 9812000 9812999 55159 1000
S11 3 9813000 9813999 52784 1000
S11 3 9814000 9814999 46841 1000
S11 3 9815000 9815999 49572 1000
S11 3 9816000 9816999 53544 1000
S11 3 9817000 9817999 57834 1000
S11 3 9818000 9818999 55887 1000
S11 3 9819000 9819999 50057 1000
S11 3 9820000 9820999 53736 1000
S11 3 9821000 9821999 57442 1000
S11 3 9822000 9822999 35953 1000
S11 3 9823000 9823999 53857 1000
S11 3 9824000 9824999 66346 1000
S11 3 9825000 9825999 52950 1000
S11 3 9826000 9826999 48433 1000
S11 3 9827000 9827999 46914 1000
S11 3 9828000 9828999 45108 1000
S11 3 9829000 9829999 51337 1000
S11 3 9830000 9830999 58621 1000
S11 3 9831000 9831999 54065 1000
S11 3 9832000 9832999 55577 1000
S11 3 9833000 9833999 51762 999
S11 3 9834000 9834999 53138 1000
S11 3 9835000 9835999 49819 996
S11 3 9836000 9836999 46644 1000
S11 3 9837000 9837999 47941 1000
S11 3 9838000 9838999 47740 1000
S11 3 9839000 9839999 54822 999
S11 3 9840000 9840999 52483 1000
S11 3 9841000 9841999 59498 1000
S11 3 9842000 9842999 52997 1000
S11 3 9843000 9843999 54418 1000
S11 3 9844000 9844999 53566 1000
S11 3 9845000 9845999 54074 1000
S11 3 9846000 9846999 47576 1000
S11 3 9847000 9847999 50701 1000
S11 3 9848000 9848999 55869 1000
S11 3 9849000 9849999 56338 1000
S11 3 9850000 9850999 52212 1000
S11 3 9851000 9851999 51582 1000
S11 3 9852000 9852999 50450 1000
S11 3 9853000 9853999 64840 1000
S11 3 9854000 9854999 55559 1000
S11 3 9855000 9855999 56542 1000
S11 3 9856000 9856999 36251 610
S12 3 9766000 9766999 6870 157
S12 3 9767000 9767999 43001 1000
S12 3 9768000 9768999 42448 999
S12 3 9769000 9769999 42228 1000
S12 3 9770000 9770999 40261 1000
S12 3 9771000 9771999 36669 999
S12 3 9772000 9772999 38948 1000
S12 3 9773000 9773999 38154 1000
S12 3 9774000 9774999 37201 1000
S12 3 9775000 9775999 38110 1000
S12 3 9776000 9776999 40837 1000
S12 3 9777000 9777999 43778 1000
S12 3 9778000 9778999 44041 1000
S12 3 9779000 9779999 46153 1000
S12 3 9780000 9780999 40773 1000
S12 3 9781000 9781999 40995 1000
S12 3 9782000 9782999 4055 912
S12 3 9783000 9783999 31132 995
S12 3 9784000 9784999 7063 957
S12 3 9785000 9785999 194 1000
S12 3 9786000 9786999 10830 967
S12 3 9787000 9787999 8789 966
S12 3 9788000 9788999 38757 1000
S12 3 9789000 9789999 45978 1000
S12 3 9790000 9790999 43899 1000
S12 3 9791000 9791999 40481 1000
S12 3 9792000 9792999 42851 999
S12 3 9793000 9793999 41549 999
S12 3 9794000 9794999 38957 1000
S12 3 9795000 9795999 43455 1000
S12 3 9796000 9796999 39066 1000
S12 3 9797000 9797999 37781 1000
S12 3 9798000 9798999 45058 1000
S12 3 9799000 9799999 50736 1000
S12 3 9800000 9800999 42769 1000
S12 3 9801000 9801999 40196 1000
S12 3 9802000 9802999 39675 1000
S12 3 9803000 9803999 39013 998
S12 3 9804000 9804999 40988 995
S12 3 9805000 9805999 43612 1000
S12 3 9806000 9806999 44051 1000
S12 3 9807000 9807999 46936 997
S12 3 9808000 9808999 43703 1000
S12 3 9809000 9809999 42000 1000
S12 3 9810000 9810999 43274 1000
S12 3 9811000 9811999 45279 1000
S12 3 9812000 9812999 51090 1000
S12 3 9813000 9813999 42639 1000
S12 3 9814000 9814999 42243 1000
S12 3 9815000 9815999 40748 1000
S12 3 9816000 9816999 39935 1000
S12 3 9817000 9817999 48421 1000
S12 3 9818000 9818999 46475 1000
S12 3 9819000 9819999 44686 1000
S12 3 9820000 9820999 45654 1000
S12 3 9821000 9821999 42716 1000
S12 3 9822000 9822999 52041 1000
S12 3 9823000 9823999 39639 1000
S12 3 9824000 9824999 43738 1000
S12 3 9825000 9825999 47815 1000
S12 3 9826000 9826999 43725 1000
S12 3 9827000 9827999 45435 1000
S12 3 9828000 9828999 49629 1000
S12 3 9829000 9829999 39935 1000
S12 3 9830000 9830999 41840 1000
S12 3 9831000 9831999 45027 1000
S12 3 9832000 9832999 42564 1000
S12 3 9833000 9833999 41526 999
S12 3 9834000 9834999 41389 1000
S12 3 9835000 9835999 52064 996
S12 3 9836000 9836999 42138 1000
S12 3 9837000 9837999 43857 1000
S12 3 9838000 9838999 39237 1000
S12 3 9839000 9839999 44518 999
S12 3 9840000 9840999 47460 1000
S12 3 9841000 9841999 39359 1000
S12 3 9842000 9842999 47235 1000
S12 3 9843000 9843999 49570 1000
S12 3 9844000 9844999 42672 1000
S12 3 9845000 9845999 40161 1000
S12 3 9846000 9846999 45861 1000
S12 3 9847000 9847999 42642 1000
S12 3 9848000 9848999 46956 1000
S12 3 9849000 9849999 44708 1000
S12 3 9850000 9850999 41944 1000
S12 3 9851000 9851999 41976 1000
S12 3 9852000 9852999 46720 1000
S12 3 9853000 9853999 44311 1000
S12 3 9854000 9854999 47506 1000
S12 3 9855000 9855999 46768 1000
S12 3 9856000 9856999 27860 610
S13 3 9766000 9766999 5618 157
S13 3 9767000 9767999 36337 1000
S13 3 9768000 9768999 35004 999
S13 3 9769000 9769999 33329 1000
S13 3 9770000 9770999 39522 1000
S13 3 9771000 9771999 37285 999
S13 3 9772000 9772999 30976 1000
S13 3 9773000 9773999 35872 1000
S13 3 9774000 9774999 36373 1000
S13 3 9775000 9775999 37804 1000
S13 3 9776000 9776999 37622 1000
S13 3 9777000 9777999 40239 1000
S13 3 9778000 9778999 39425 1000
S13 3 9779000 9779999 36802 1000
S13 3 9780000 9780999 37633 1000
S13 3 9781000 9781999 34734 1000
S13 3 9782000 9782999 3412 912
S13 3 9783000 9783999 20457 995
S13 3 9784000 9784999 3769 957
S13 3 9785000 9785999 666 1000
S13 3 9786000 9786999 3483 967
S13 3 9787000 9787999 5873 966
S13 3 9788000 9788999 30497 1000
S13 3 9789000 9789999 35892 1000
S13 3 9790000 9790999 35413 1000
S13 3 9791000 9791999 37815 1000
S13 3 9792000 9792999 34629 999
S13 3 9793000 9793999 33173 999
S13 3 9794000 9794999 43110 1000
S13 3 9795000 9795999 30508 1000
S13 3 9796000 9796999 38893 1000
S13 3 9797000 9797999 36056 1000
S13 3 9798000 9798999 33354 1000
S13 3 9799000 9799999 49630 1000
S13 3 9800000 9800999 35742 1000
S13 3 9801000 9801999 36751 1000
S13 3 9802000 9802999 36109 1000
S13 3 9803000 9803999 42310 998
S13 3 9804000 9804999 33689 995
S13 3 9805000 9805999 36850 1000
S13 3 9806000 9806999 35489 1000
S13 3 9807000 9807999 34044 997
S13 3 9808000 9808999 36620 1000
S13 3 9809000 9809999 38051 1000
S13 3 9810000 9810999 41024 1000
S13 3 9811000 9811999 40805 1000
S13 3 9812000 9812999 36199 1000
S13 3 9813000 9813999 41409 1000
S13 3 9814000 9814999 35798 1000
S13 3 9815000 9815999 35527 1000
S13 3 9816000 9816999 32937 1000
S13 3 9817000 9817999 37474 1000
S13 3 9818000 9818999 41977 1000
S13 3 9819000 9819999 37572 1000
S13 3 9820000 9820999 36857 1000
S13 3 9821000 9821999 38331 1000
S13 3 9822000 9822999 34755 1000
S13 3 9823000 9823999 39538 1000
S13 3 9824000 9824999 33034 1000
S13 3 9825000 9825999 38560 1000
S13 3 9826000 9826999 34292 1000
S13 3 9827000 9827999 35382 1000
S13 3 9828000 9828999 37781 1000
S13 3 9829000 9829999 34666 1000
S13 3 9830000 9830999 40988 1000
S13 3 9831000 9831999 37411 1000
S13 3 9832000 9832999 39189 1000
S13 3 9833000 9833999 35394 999
S13 3 9834000 9834999 38529 1000
S13 3 9835000 9835999 36542 996
S13 3 9836000 9836999 39761 1000
S13 3 9837000 9837999 33275 1000
S13 3 9838000 9838999 36684 1000
S13 3 9839000 9839999 37110 999
S13 3 9840000 9840999 34421 1000
S13 3 9841000 9841999 41925 1000
S13 3 9842000 9842999 39169 1000
S13 3 9843000 9843999 32847 1000
S13 3 9844000 9844999 39079 1000
S13 3 9845000 9845999 33234 1000
S13 3 9846000 9846999 32617 1000
S13 3 9847000 9847999 34686 1000
S13 3 9848000 9848999 38196 1000
S13 3 9849000 9849999 37518 1000
S13 3 9850000 9850999 39253 1000
S13 3 9851000 9851999 38479 1000
S13 3 9852000 9852999 39832 1000
S13 3 9853000 9853999 42131 1000
S13 3 9854000 9854999 37489 1000
S13 3 9855000 9855999 38568 1000
S13 3 9856000 9856999 24583 610
S14 3 9766000 9766999 6616 157
S14 3 9767000 9767999 40488 1000
S14 3 9768000 9768999 46336 999
S14 3 9769000 9769999 39900 1000
S14 3 9770000 9770999 44207 1000
S14 3 9771000 9771999 45736 999
S14 3 9772000 9772999 41033 1000
S14 3 9773000 9773999 49449 1000
S14 3 9774000 9774999 40586 1000
S14 3 9775000 9775999 38353 1000
S14 3 9776000 9776999 51701 1000
S14 3 9777000 9777999 36546 1000
S14 3 9778000 9778999 44983 1000
S14 3 9779000 9779999 44098 1000
S14 3 9780000 9780999 43189 1000
S14 3 9781000 9781999 45424 1000
S14 3 9782000 9782999 43065 912
S14 3 9783000 9783999 60255 995
S14 3 9784000 9784999 38487 957
S14 3 9785000 9785999 8423 1000
S14 3 9786000 9786999 56389 967
S14 3 9787000 9787999 32158 966
S14 3 9788000 9788999 47673 1000
S14 3 9789000 9789999 42392 1000
S14 3 9790000 9790999 42506 1000
S14 3 9791000 9791999 43962 1000
S14 3 9792000 9792999 43033 999
S14 3 9793000 9793999 47168 999
S14 3 9794000 9794999 40734 1000
S14 3 9795000 9795999 39888 1000
S14 3 9796000 9796999 42171 1000
S14 3 9797000 9797999 40352 1000
S14 3 9798000 9798999 41056 1000
S14 3 9799000 9799999 52910 1000
S14 3 9800000 9800999 44571 1000
S14 3 9801000 9801999 38153 1000
S14 3 9802000 9802999 41124 1000
S14 3 9803000 9803999 52480 998
S14 3 9804000 9804999 43927 995
S14 3 9805000 9805999 44017 1000
S14 3 9806000 9806999 47316 1000
S14 3 9807000 9807999 44488 997
S14 3 9808000 9808999 47697 1000
S14 3 9809000 9809999 49529 1000
S14 3 9810000 9810999 42177 1000
S14 3 9811000 9811999 44195 1000
S14 3 9812000 9812999 44667 1000
S14 3 9813000 9813999 46797 1000
S14 3 9814000 9814999 44301 1000
S14 3 9815000 9815999 41749 1000
S14 3 9816000 9816999 43603 1000
S14 3 9817000 9817999 45975 1000
S14 3 9818000 9818999 46871 1000
S14 3 9819000 9819999 42276 1000
S14 3 9820000 9820999 52399 1000
S14 3 9821000 9821999 48261 1000
S14 3 9822000 9822999 46581 1000
S14 3 9823000 9823999 53342 1000
S14 3 9824000 9824999 50007 1000
S14 3 9825000 9825999 48582 1000
S14 3 9826000 9826999 48047 1000
S14 3 9827000 9827999 44494 1000
S14 3 9828000 9828999 45336 1000
S14 3 9829000 9829999 39364 1000
S14 3 9830000 9830999 45899 1000
S14 3 9831000 9831999 45547 1000
S14 3 9832000 9832999 46286 1000
S14 3 9833000 9833999 52927 999
S14 3 9834000 9834999 48576 1000
S14 3 9835000 9835999 43174 996
S14 3 9836000 9836999 46453 1000
S14 3 9837000 9837999 46448 1000
S14 3 9838000 9838999 42927 1000
S14 3 9839000 9839999 45393 999
S14 3 9840000 9840999 48473 1000
S14 3 9841000 9841999 50661 1000
S14 3 9842000 9842999 52086 1000
S14 3 9843000 9843999 47172 1000
S14 3 9844000 9844999 46891 1000
S14 3 9845000 9845999 48769 1000
S14 3 9846000 9846999 44075 1000
S14 3 9847000 9847999 45495 1000
S14 3 9848000 9848999 47321 1000
S14 3 9849000 9849999 38106 1000
S14 3 9850000 9850999 44488 1000
S14 3 9851000 9851999 50763 1000
S14 3 9852000 9852999 52348 1000
S14 3 9853000 9853999 45234 1000
S14 3 9854000 9854999 46632 1000
S14 3 9855000 9855999 50300 1000
S14 3 9856000 9856999 28174 610
S15 3 9766000 9766999 7538 157
S15 3 9767000 9767999 45616 1000
S15 3 9768000 9768999 44873 999
S15 3 9769000 9769999 44576 1000
S15 3 9770000 9770999 39592 1000
S15 3 9771000 9771999 42816 999
S15 3 9772000 9772999 44474 1000
S15 3 9773000 9773999 39412 1000
S15 3 9774000 9774999 37381 1000
S15 3 9775000 9775999 41577 1000
S15 3 9776000 9776999 43610 1000
S15 3 9777000 9777999 36460 1000
S15 3 9778000 9778999 41685 1000
S15 3 9779000 9779999 39580 1000
S15 3 9780000 9780999 40768 1000
S15 3 9781000 9781999 34760 1000
S15 3 9782000 9782999 19518 912
S15 3 9783000 9783999 41093 995
S15 3 9784000 9784999 16064 957
S15 3 9785000 9785999 4107 1000
S15 3 9786000 9786999 26209 967
S15 3 9787000 9787999 11149 966
S15 3 9788000 9788999 37579 1000
S15 3 9789000 9789999 42763 1000
S15 3 9790000 9790999 40376 1000
S15 3 9791000 9791999 41398 1000
S15 3 9792000 9792999 41702 999
S15 3 9793000 9793999 40274 999
S15 3 9794000 9794999 45045 1000
S15 3 9795000 9795999 42780 1000
S15 3 9796000 9796999 45285 1000
S15 3 9797000 9797999 42512 1000
S15 3 9798000 9798999 41978 1000
S15 3 9799000 9799999 52662 1000
S15 3 9800000 9800999 39834 1000
S15 3 9801000 9801999 40536 1000
S15 3 9802000 9802999 42072 1000
S15 3 9803000 9803999 47011 998
S15 3 9804000 9804999 43311 995
S15 3 9805000 9805999 42955 1000
S15 3 9806000 9806999 41102 1000
S15 3 9807000 9807999 49419 997
S15 3 9808000 9808999 54541 1000
S15 3 9809000 9809999 39771 1000
S15 3 9810000 9810999 41687 1000
S15 3 9811000 9811999 48387 1000
S15 3 9812000 9812999 47026 1000
S15 3 9813000 9813999 50494 1000
S15 3 9814000 9814999 41686 1000
S15 3 9815000 9815999 42642 1000
S15 3 9816000 9816999 48677 1000
S15 3 9817000 9817999 40195 1000
S15 3 9818000 9818999 45293 1000
S15 3 9819000 9819999 45387 1000
S15 3 9820000 9820999 48118 1000
S15 3 9821000 9821999 41372 1000
S15 3 9822000 9822999 40570 1000
S15 3 9823000 9823999 49421 1000
S15 3 9824000 9824999 48434 1000
S15 3 9825000 9825999 46434 1000
S15 3 9826000 9826999 42002 1000
S15 3 9827000 9827999 42077 1000
S15 3 9828000 9828999 44947 1000
S15 3 9829000 9829999 43958 1000
S15 3 9830000 9830999 48549 1000
S15 3 9831000 9831999 51264 1000
S15 3 9832000 9832999 46570 1000
S15 3 9833000 9833999 43187 999
S15 3 9834000 9834999 46141 1000
S15 3 9835000 9835999 45715 996
S15 3 9836000 9836999 46824 1000
S15 3 9837000 9837999 48247 1000
S15 3 9838000 9838999 45840 1000
S15 3 9839000 9839999 40198 999
S15 3 9840000 9840999 44501 1000
S15 3 9841000 9841999 47901 1000
S15 3 9842000 9842999 47841 1000
S15 3 9843000 9843999 45019 1000
S15 3 9844000 9844999 48468 1000
S15 3 9845000 9845999 49229 1000
S15 3 9846000 9846999 51481 1000
S15 3 9847000 9847999 50824 1000
S15 3 9848000 9848999 45621 1000
S15 3 9849000 9849999 45743 1000
S15 3 9850000 9850999 44436 1000
S15 3 9851000 9851999 44027 1000
S15 3 9852000 9852999 47851 1000
S15 3 9853000 9853999 41906 1000
S15 3 9854000 9854999 45067 1000
S15 3 9855000 9855999 45687 1000
S15 3 9856000 9856999 24292 610
S16 3 9766000 9766999 6830 157
S16 3 9767000 9767999 35845 1000
S16 3 9768000 9768999 36901 999
S16 3 9769000 9769999 35372 1000
S16 3 9770000 9770999 29742 1000
S16 3 9771000 9771999 35955 999
S16 3 9772000 9772999 33486 1000
S16 3 9773000 9773999 34457 1000
S16 3 9774000 9774999 36517 1000
S16 3 9775000 9775999 36579 1000
S16 3 9776000 9776999 40269 1000
S16 3 9777000 9777999 36685 1000
S16 3 9778000 9778999 36981 1000
S16 3 9779000 9779999 31984 1000
S16 3 9780000 9780999 37081 1000
S16 3 9781000 9781999 36767 1000
S16 3 9782000 9782999 15614 912
S16 3 9783000 9783999 43332 995
S16 3 9784000 9784999 17067 957
S16 3 9785000 9785999 7681 1000
S16 3 9786000 9786999 39787 967
S16 3 9787000 9787999 28468 966
S16 3 9788000 9788999 32457 1000
S16 3 9789000 9789999 33185 1000
S16 3 9790000 9790999 38812 1000
S16 3 9791000 9791999 40404 1000
S16 3 9792000 9792999 38200 999
S16 3 9793000 9793999 35993 999
S16 3 9794000 9794999 40621 1000
S16 3 9795000 9795999 36667 1000
S16 3 9796000 9796999 37254 1000
S16 3 9797000 9797999 36049 1000
S16 3 9798000 9798999 33402 1000
S16 3 9799000 9799999 43756 1000
S16 3 9800000 9800999 35433 1000
S16 3 9801000 9801999 32197 1000
S16 3 9802000 9802999 32887 1000
S16 3 9803000 9803999 36363 998
S16 3 9804000 9804999 33109 995
S16 3 9805000 9805999 37484 1000
S16 3 9806000 9806999 37997 1000
S16 3 9807000 9807999 36463 997
S16 3 9808000 9808999 32714 1000
S16 3 9809000 9809999 39126 1000
S16 3 9810000 9810999 36311 1000
S16 3 9811000 9811999 40808 1000
S16 3 9812000 9812999 35529 1000
S16 3 9813000 9813999 42171 1000
S16 3 9814000 9814999 37227 1000
S16 3 9815000 9815999 36407 1000
S16 3 9816000 9816999 39177 1000
S16 3 9817000 9817999 38069 1000
S16 3 9818000 9818999 42046 1000
S16 3 9819000 9819999 36135 1000
S16 3 9820000 9820999 32529 1000
S16 3 9821000 9821999 35187 1000
S16 3 9822000 9822999 32934 1000
S16 3 9823000 9823999 40828 1000
S16 3 9824000 9824999 38789 1000
S16 3 9825000 9825999 35438 1000
S16 3 9826000 9826999 33621 1000
S16 3 9827000 9827999 37741 1000
S16 3 9828000 9828999 36197 1000
S16 3 9829000 9829999 39214 1000
S16 3 9830000 9830999 36000 1000
S16 3 9831000 9831999 35785 1000
S16 3 9832000 9832999 38920 1000
S16 3 9833000 9833999 34268 999
S16 3 9834000 9834999 35854 1000
S16 3 9835000 9835999 30038 996
S16 3 9836000 9836999 35878 1000
S16 3 9837000 9837999 38429 1000
S16 3 9838000 9838999 40829 1000
S16 3 9839000 9839999 36056 999
S16 3 9840000 9840999 35703 1000
S16 3 9841000 9841999 39779 1000
S16 3 9842000 9842999 39978 1000
S16 3 9843000 9843999 35121 1000
S16 3 9844000 9844999 37399 1000
S16 3 9845000 9845999 40145 1000
S16 3 9846000 9846999 37891 1000
S16 3 9847000 9847999 35460 1000
S16 3 9848000 9848999 41092 1000
S16 3 9849000 9849999 39157 1000
S16 3 9850000 9850999 39956 1000
S16 3 9851000 9851999 39736 1000
S16 3 9852000 9852999 40236 1000
S16 3 9853000 9853999 35978 1000
S16 3 9854000 9854999 36379 1000
S16 3 9855000 9855999 39734 1000
S16 3 9856000 9856999 23635 610
S17 3 9766000 9766999 7392 157
S17 3 9767000 9767999 43253 1000
S17 3 9768000 9768999 44223 999
S17 3 9769000 9769999 43137 1000
S17 3 9770000 9770999 41952 1000
S17 3 9771000 9771999 44172 999
S17 3 9772000 9772999 41679 1000
S17 3 9773000 9773999 44917 1000
S17 3 9774000 9774999 41101 1000
S17 3 9775000 9775999 40150 1000
S17 3 9776000 9776999 38766 1000
S17 3 9777000 9777999 40600 1000
S17 3 9778000 9778999 42881 1000
S17 3 9779000 9779999 42596 1000
S17 3 9780000 9780999 41730 1000
S17 3 9781000 9781999 43949 1000
S17 3 9782000 9782999 43471 912
S17 3 9783000 9783999 59780 995
S17 3 9784000 9784999 32128 957
S17 3 9785000 9785999 7775 1000
S17 3 9786000 9786999 49893 967
S17 3 9787000 9787999 27187 966
S17 3 9788000 9788999 40813 1000
S17 3 9789000 9789999 40749 1000
S17 3 9790000 9790999 42720 1000
S17 3 9791000 9791999 47048 1000
S17 3 9792000 9792999 39283 999
S17 3 9793000 9793999 41588 999
S17 3 9794000 9794999 40639 1000
S17 3 9795000 9795999 41495 1000
S17 3 9796000 9796999 40279 1000
S17 3 9797000 9797999 37836 1000
S17 3 9798000 9798999 41135 1000
S17 3 9799000 9799999 45615 1000
S17 3 9800000 9800999 37938 1000
S17 3 9801000 9801999 37013 1000
S17 3 9802000 9802999 37423 1000
S17 3 9803000 9803999 58885 998
S17 3 9804000 9804999 39980 995
S17 3 9805000 9805999 48351 1000
S17 3 9806000 9806999 46957 1000
S17 3 9807000 9807999 38816 997
S17 3 9808000 9808999 50507 1000
S17 3 9809000 9809999 45140 1000
S17 3 9810000 9810999 40695 1000
S17 3 9811000 9811999 48584 1000
S17 3 9812000 9812999 45747 1000
S17 3 9813000 9813999 45183 1000
S17 3 9814000 9814999 45795 1000
S17 3 9815000 9815999 41715 1000
S17 3 9816000 9816999 46743 1000
S17 3 9817000 9817999 47250 1000
S17 3 9818000 9818999 49090 1000
S17 3 9819000 9819999 44921 1000
S17 3 9820000 9820999 49115 1000
S17 3 9821000 9821999 40866 1000
S17 3 9822000 9822999 32197 1000
S17 3 9823000 9823999 41231 1000
S17 3 9824000 9824999 45740 1000
S17 3 9825000 9825999 46240 1000
S17 3 9826000 9826999 43586 1000
S17 3 9827000 9827999 45121 1000
S17 3 9828000 9828999 47263 1000
S17 3 9829000 9829999 40487 1000
S17 3 9830000 9830999 41412 1000
S17 3 9831000 9831999 48322 1000
S17 3 9832000 9832999 42043 1000
S17 3 9833000 9833999 43864 999
S17 3 9834000 9834999 41231 1000
S17 3 9835000 9835999 40783 996
S17 3 9836000 9836999 45196 1000
S17 3 9837000 9837999 50092 1000
S17 3 9838000 9838999 44304 1000
S17 3 9839000 9839999 34232 999
S17 3 9840000 9840999 43096 1000
S17 3 9841000 9841999 47452 1000
S17 3 9842000 9842999 48317 1000
S17 3 9843000 9843999 47118 1000
S17 3 9844000 9844999 40998 1000
S17 3 9845000 9845999 41000 1000
S17 3 9846000 9846999 45935 1000
S17 3 9847000 9847999 37657 1000
S17 3 9848000 9848999 43657 1000
S17 3 9849000 9849999 44236 1000
S17 3 9850000 9850999 47563 1000
S17 3 9851000 9851999 44261 1000
S17 3 9852000 9852999 49057 1000
S17 3 9853000 9853999 51923 1000
S17 3 9854000 9854999 45128 1000
S17 3 9855000 9855999 46568 1000
S17 3 9856000 9856999 24740 610
S18 3 9766000 9766999 5599 157
S18 3 9767000 9767999 36725 1000
S18 3 9768000 9768999 37588 999
S18 3 9769000 9769999 34613 1000
S18 3 9770000 9770999 39634 1000
S18 3 9771000 9771999 33097 999
S18 3 9772000 9772999 35768 1000
S18 3 9773000 9773999 35718 1000
S18 3 9774000 9774999 34877 1000
S18 3 9775000 9775999 35180 1000
S18 3 9776000 9776999 38298 1000
S18 3 9777000 9777999 39123 1000
S18 3 9778000 9778999 37013 1000
S18 3 9779000 9779999 36387 1000
S18 3 9780000 9780999 33557 1000
S18 3 9781000 9781999 36452 1000
S18 3 9782000 9782999 2529 912
S18 3 9783000 9783999 17844 995
S18 3 9784000 9784999 3456 957
S18 3 9785000 9785999 0 1000
S18 3 9786000 9786999 8772 967
S18 3 9787000 9787999 4383 966
S18 3 9788000 9788999 30191 1000
S18 3 9789000 9789999 35462 1000
S18 3 9790000 9790999 39112 1000
S18 3 9791000 9791999 35278 1000
S18 3 9792000 9792999 36247 999
S18 3 9793000 9793999 38776 999
S18 3 9794000 9794999 33732 1000
S18 3 9795000 9795999 37034 1000
S18 3 9796000 9796999 35649 1000
S18 3 9797000 9797999 39228 1000
S18 3 9798000 9798999 36794 1000
S18 3 9799000 9799999 40109 1000
S18 3 9800000 9800999 36707 1000
S18 3 9801000 9801999 35524 1000
S18 3 9802000 9802999 34929 1000
S18 3 9803000 9803999 40920 998
S18 3 9804000 9804999 29427 995
S18 3 9805000 9805999 37066 1000
S18 3 9806000 9806999 38758 1000
S18 3 9807000 9807999 34904 997
S18 3 9808000 9808999 37453 1000
S18 3 9809000 9809999 38597 1000
S18 3 9810000 9810999 38054 1000
S18 3 9811000 9811999 35342 1000
S18 3 9812000 9812999 34741 1000
S18 3 9813000 9813999 36884 1000
S18 3 9814000 9814999 32860 1000
S18 3 9815000 9815999 35250 1000
S18 3 9816000 9816999 41768 1000
S18 3 9817000 9817999 39624 1000
S18 3 9818000 9818999 39164 1000
S18 3 9819000 9819999 37192 1000
S18 3 9820000 9820999 35463 1000
S18 3 9821000 9821999 38151 1000
S18 3 9822000 9822999 32906 1000
S18 3 9823000 9823999 35540 1000
S18 3 9824000 9824999 35625 1000
S18 3 9825000 9825999 39902 1000
S18 3 9826000 9826999 38978 1000
S18 3 9827000 9827999 38765 1000
S18 3 9828000 9828999 34451 1000
S18 3 9829000 9829999 40381 1000
S18 3 9830000 9830999 33417 1000
S18 3 9831000 9831999 36601 1000
S18 3 9832000 9832999 32515 1000
S18 3 9833000 9833999 32074 999
S18 3 9834000 9834999 34911 1000
S18 3 9835000 9835999 40510 996
S18 3 9836000 9836999 36061 1000
S18 3 9837000 9837999 40371 1000
S18 3 9838000 9838999 36886 1000
S18 3 9839000 9839999 35953 999
S18 3 9840000 9840999 37939 1000
S18 3 9841000 9841999 40498 1000
S18 3 9842000 9842999 34865 1000
S18 3 9843000 9843999 39081 1000
S18 3 9844000 9844999 35330 1000
S18 3 9845000 9845999 38233 1000
S18 3 9846000 9846999 33873 1000
S18 3 9847000 9847999 32199 1000
S18 3 9848000 9848999 39724 1000
S18 3 9849000 9849999 33656 1000
S18 3 9850000 9850999 33990 1000
S18 3 9851000 9851999 16224 1000
S18 3 9852000 9852999 33021 1000
S18 3 9853000 9853999 38675 1000
S18 3 9854000 9854999 40550 1000
S18 3 9855000 9855999 34219 1000
S18 3 9856000 9856999 20739 610
S19 3 9766000 9766999 6699 157
S19 3 9767000 9767999 43550 1000
S19 3 9768000 9768999 51569 999
S19 3 9769000 9769999 45129 1000
S19 3 9770000 9770999 44319 1000
S19 3 9771000 9771999 45590 999
S19 3 9772000 9772999 43863 1000
S19 3 9773000 9773999 44416 1000
S19 3 9774000 9774999 45068 1000
S19 3 9775000 9775999 44982 1000
S19 3 9776000 9776999 48047 1000
S19 3 9777000 9777999 50906 1000
S19 3 9778000 9778999 50278 1000
S19 3 9779000 9779999 48727 1000
S19 3 9780000 9780999 48888 1000
S19 3 9781000 9781999 42202 1000
S19 3 9782000 9782999 30796 912
S19 3 9783000 9783999 56044 995
S19 3 9784000 9784999 26008 957
S19 3 9785000 9785999 6759 1000
S19 3 9786000 9786999 28981 967
S19 3 9787000 9787999 30580 966
S19 3 9788000 9788999 43827 1000
S19 3 9789000 9789999 40050 1000
S19 3 9790000 9790999 46838 1000
S19 3 9791000 9791999 42559 1000
S19 3 9792000 9792999 42890 999
S19 3 9793000 9793999 44220 999
S19 3 9794000 9794999 42173 1000
S19 3 9795000 9795999 45280 1000
S19 3 9796000 9796999 46063 1000
S19 3 9797000 9797999 44150 1000
S19 3 9798000 9798999 48700 1000
S19 3 9799000 9799999 57521 1000
S19 3 9800000 9800999 45504 1000
S19 3 9801000 9801999 46888 1000
S19 3 9802000 9802999 42873 1000
S19 3 9803000 9803999 67211 998
S19 3 9804000 9804999 44433 995
S19 3 9805000 9805999 43228 1000
S19 3 9806000 9806999 48340 1000
S19 3 9807000 9807999 46539 997
S19 3 9808000 9808999 46403 1000
S19 3 9809000 9809999 45500 1000
S19 3 9810000 9810999 49567 1000
S19 3 9811000 9811999 50902 1000
S19 3 9812000 9812999 47035 1000
S19 3 9813000 9813999 47588 1000
S19 3 9814000 9814999 47721 1000
S19 3 9815000 9815999 48344 1000
S19 3 9816000 9816999 51044 1000
S19 3 9817000 9817999 47491 1000
S19 3 9818000 9818999 50864 1000
S19 3 9819000 9819999 50059 1000
S19 3 9820000 9820999 49816 1000
S19 3 9821000 9821999 46510 1000
S19 3 9822000 9822999 50474 1000
S19 3 9823000 9823999 43141 1000
S19 3 9824000 9824999 53430 1000
S19 3 9825000 9825999 48550 1000
S19 3 9826000 9826999 55016 1000
S19 3 9827000 9827999 48569 1000
S19 3 9828000 9828999 43497 1000
S19 3 9829000 9829999 43795 1000
S19 3 9830000 9830999 43722 1000
S19 3 9831000 9831999 47591 1000
S19 3 9832000 9832999 45892 1000
S19 3 9833000 9833999 47201 999
S19 3 9834000 9834999 49764 1000
S19 3 9835000 9835999 50866 996
S19 3 9836000 9836999 48672 1000
S19 3 9837000 9837999 43445 1000
S19 3 9838000 9838999 46729 1000
S19 3 9839000 9839999 45458 999
S19 3 9840000 9840999 43117 1000
S19 3 9841000 9841999 47027 1000
S19 3 9842000 9842999 45945 1000
S19 3 9843000 9843999 48698 1000
S19 3 9844000 9844999 54282 1000
S19 3 9845000 9845999 58591 1000
S19 3 9846000 9846999 49498 1000
S19 3 9847000 9847999 39476 1000
S19 3 9848000 9848999 51592 1000
S19 3 9849000 9849999 51702 1000
S19 3 9850000 9850999 45282 1000
S19 3 9851000 9851999 48003 1000
S19 3 9852000 9852999 50836 1000
S19 3 9853000 9853999 44689 1000
S19 3 9854000 9854999 48943 1000
S19 3 9855000 9855999 53298 1000
S19 3 9856000 9856999 29745 610
S2 3 9766000 9766999 6664 157
S2 3 9767000 9767999 41107 1000
S2 3 9768000 9768999 37240 999
S2 3 9769000 9769999 39641 1000
S2 3 9770000 9770999 41417 1000
S2 3 9771000 9771999 36636 999
S2 3 9772000 9772999 39977 1000
S2 3 9773000 9773999 39069 1000
S2 3 9774000 9774999 40197 1000
S2 3 9775000 9775999 39748 1000
S2 3 9776000 9776999 45713 1000
S2 3 9777000 9777999 40173 1000
S2 3 9778000 9778999 40686 1000
S2 3 9779000 9779999 38865 1000
S2 3 9780000 9780999 42712 1000
S2 3 9781000 9781999 39479 1000
S2 3 9782000 9782999 37371 912
S2 3 9783000 9783999 59647 995
S2 3 9784000 9784999 21645 957
S2 3 9785000 9785999 9590 1000
S2 3 9786000 9786999 57331 967
S2 3 9787000 9787999 41089 966
S2 3 9788000 9788999 43847 1000
S2 3 9789000 9789999 45689 1000
S2 3 9790000 9790999 45387 1000
S2 3 9791000 9791999 41352 1000
S2 3 9792000 9792999 41308 999
S2 3 9793000 9793999 43469 999
S2 3 9794000 9794999 42640 1000
S2 3 9795000 9795999 38777 1000
S2 3 9796000 9796999 42098 1000
S2 3 9797000 9797999 42462 1000
S2 3 9798000 9798999 42444 1000
S2 3 9799000 9799999 42349 1000
S2 3 9800000 9800999 41342 1000
S2 3 9801000 9801999 37107 1000
S2 3 9802000 9802999 43934 1000
S2 3 9803000 9803999 43447 998
S2 3 9804000 9804999 44447 995
S2 3 9805000 9805999 41915 1000
S2 3 9806000 9806999 38106 1000
S2 3 9807000 9807999 43207 997
S2 3 9808000 9808999 46780 1000
S2 3 9809000 9809999 44130 1000
S2 3 9810000 9810999 39062 1000
S2 3 9811000 9811999 41724 1000
S2 3 9812000 9812999 48766 1000
S2 3 9813000 9813999 43030 1000
S2 3 9814000 9814999 44466 1000
S2 3 9815000 9815999 39968 1000
S2 3 9816000 9816999 38692 1000
S2 3 9817000 9817999 44237 1000
S2 3 9818000 9818999 43195 1000
S2 3 9819000 9819999 43188 1000
S2 3 9820000 9820999 43797 1000
S2 3 9821000 9821999 40115 1000
S2 3 9822000 9822999 41404 1000
S2 3 9823000 9823999 40566 1000
S2 3 9824000 9824999 40751 1000
S2 3 9825000 9825999 40059 1000
S2 3 9826000 9826999 41626 1000
S2 3 9827000 9827999 40554 1000
S2 3 9828000 9828999 41782 1000
S2 3 9829000 9829999 38977 1000
S2 3 9830000 9830999 43961 1000
S2 3 9831000 9831999 41767 1000
S2 3 9832000 9832999 39380 1000
S2 3 9833000 9833999 39532 999
S2 3 9834000 9834999 41723 1000
S2 3 9835000 9835999 46744 996
S2 3 9836000 9836999 44759 1000
S2 3 9837000 9837999 42400 1000
S2 3 9838000 9838999 38902 1000
S2 3 9839000 9839999 40180 999
S2 3 9840000 9840999 45186 1000
S2 3 9841000 9841999 46656 1000
S2 3 9842000 9842999 40995 1000
S2 3 9843000 9843999 43030 1000
S2 3 9844000 9844999 39830 1000
S2 3 9845000 9845999 44034 1000
S2 3 9846000 9846999 41413 1000
S2 3 9847000 9847999 38770 1000
S2 3 9848000 9848999 40964 1000
S2 3 9849000 9849999 39401 1000
S2 3 9850000 9850999 41751 1000
S2 3 9851000 9851999 43639 1000
S2 3 9852000 9852999 40201 1000
S2 3 9853000 9853999 40388 1000
S2 3 9854000 9854999 39447 1000
S2 3 9855000 9855999 44678 1000
S2 3 9856000 9856999 25726 610
S20 3 9766000 9766999 6840 157
S20 3 9767000 9767999 45677 1000
S20 3 9768000 9768999 43947 999
S20 3 9769000 9769999 47872 1000
S20 3 9770000 9770999 44080 1000
S20 3 9771000 9771999 43048 999
S20 3 9772000 9772999 40045 1000
S20 3 9773000 9773999 42877 1000
S20 3 9774000 9774999 43070 1000
S20 3 9775000 9775999 40216 1000
S20 3 9776000 9776999 47480 1000
S20 3 9777000 9777999 53323 1000
S20 3 9778000 9778999 49529 1000
S20 3 9779000 9779999 51102 1000
S20 3 9780000 9780999 47268 1000
S20 3 9781000 9781999 43548 1000
S20 3 9782000 9782999 18212 912
S20 3 9783000 9783999 52721 995
S20 3 9784000 9784999 23792 957
S20 3 9785000 9785999 9735 1000
S20 3 9786000 9786999 32997 967
S20 3 9787000 9787999 35232 966
S20 3 9788000 9788999 43173 1000
S20 3 9789000 9789999 40195 1000
S20 3 9790000 9790999 44671 1000
S20 3 9791000 9791999 44854 1000
S20 3 9792000 9792999 43191 999
S20 3 9793000 9793999 43121 999
S20 3 9794000 9794999 50166 1000
S20 3 9795000 9795999 44448 1000
S20 3 9796000 9796999 41292 1000
S20 3 9797000 9797999 40177 1000
S20 3 9798000 9798999 46249 1000
S20 3 9799000 9799999 53711 1000
S20 3 9800000 9800999 44933 1000
S20 3 9801000 9801999 43189 1000
S20 3 9802000 9802999 41877 1000
S20 3 9803000 9803999 55320 998
S20 3 9804000 9804999 37964 995
S20 3 9805000 9805999 46551 1000
S20 3 9806000 9806999 42737 1000
S20 3 9807000 9807999 50147 997
S20 3 9808000 9808999 44521 1000
S20 3 9809000 9809999 44328 1000
S20 3 9810000 9810999 43911 1000
S20 3 9811000 9811999 47737 1000
S20 3 9812000 9812999 50980 1000
S20 3 9813000 9813999 48119 1000
S20 3 9814000 9814999 42140 1000
S20 3 9815000 9815999 43291 1000
S20 3 9816000 9816999 47878 1000
S20 3 9817000 9817999 52847 1000
S20 3 9818000 9818999 52520 1000
S20 3 9819000 9819999 50441 1000
S20 3 9820000 9820999 52087 1000
S20 3 9821000 9821999 48919 1000
S20 3 9822000 9822999 49844 1000
S20 3 9823000 9823999 41715 1000
S20 3 9824000 9824999 43926 1000
S20 3 9825000 9825999 45352 1000
S20 3 9826000 9826999 39485 1000
S20 3 9827000 9827999 40422 1000
S20 3 9828000 9828999 47182 1000
S20 3 9829000 9829999 48007 1000
S20 3 9830000 9830999 43013 1000
S20 3 9831000 9831999 46576 1000
S20 3 9832000 9832999 49868 1000
S20 3 9833000 9833999 42884 999
S20 3 9834000 9834999 44575 1000
S20 3 9835000 9835999 42412 996
S20 3 9836000 9836999 43623 1000
S20 3 9837000 9837999 43652 1000
S20 3 9838000 9838999 45910 1000
S20 3 9839000 9839999 49483 999
S20 3 9840000 9840999 55442 1000
S20 3 9841000 9841999 51399 1000
S20 3 9842000 9842999 48933 1000
S20 3 9843000 9843999 47232 1000
S20 3 9844000 9844999 49008 1000
S20 3 9845000 9845999 48763 1000
S20 3 9846000 9846999 46843 1000
S20 3 9847000 9847999 47520 1000
S20 3 9848000 9848999 46502 1000
S20 3 9849000 9849999 47348 1000
S20 3 9850000 9850999 51576 1000
S20 3 9851000 9851999 48623 1000
S20 3 9852000 9852999 48729 1000
S20 3 9853000 9853999 52742 1000
S20 3 9854000 9854999 54727 1000
S20 3 9855000 9855999 48498 1000
S20 3 9856000 9856999 30257 610
S21 3 9766000 9766999 6281 157
S21 3 9767000 9767999 45914 1000
S21 3 9768000 9768999 50930 999
S21 3 9769000 9769999 49432 1000
S21 3 9770000 9770999 51383 1000
S21 3 9771000 9771999 50101 999
S21 3 9772000 9772999 41510 1000
S21 3 9773000 9773999 41546 1000
S21 3 9774000 9774999 45038 1000
S21 3 9775000 9775999 51274 1000
S21 3 9776000 9776999 50745 1000
S21 3 9777000 9777999 50225 1000
S21 3 9778000 9778999 48986 1000
S21 3 9779000 9779999 50499 1000
S21 3 9780000 9780999 51609 1000
S21 3 9781000 9781999 46159 1000
S21 3 9782000 9782999 3944 912
S21 3 9783000 9783999 23328 995
S21 3 9784000 9784999 7680 957
S21 3 9785000 9785999 222 1000
S21 3 9786000 9786999 13231 967
S21 3 9787000 9787999 8381 966
S21 3 9788000 9788999 39921 1000
S21 3 9789000 9789999 52291 1000
S21 3 9790000 9790999 52901 1000
S21 3 9791000 9791999 50433 1000
S21 3 9792000 9792999 52525 999
S21 3 9793000 9793999 47863 999
S21 3 9794000 9794999 51230 1000
S21 3 9795000 9795999 49377 1000
S21 3 9796000 9796999 48275 1000
S21 3 9797000 9797999 40269 1000
S21 3 9798000 9798999 46830 1000
S21 3 9799000 9799999 54708 1000
S21 3 9800000 9800999 55691 1000
S21 3 9801000 9801999 48474 1000
S21 3 9802000 9802999 51591 1000
S21 3 9803000 9803999 56322 998
S21 3 9804000 9804999 45489 995
S21 3 9805000 9805999 55170 1000
S21 3 9806000 9806999 59386 1000
S21 3 9807000 9807999 50880 997
S21 3 9808000 9808999 58304 1000
S21 3 9809000 9809999 55573 1000
S21 3 9810000 9810999 42498 1000
S21 3 9811000 9811999 52330 1000
S21 3 9812000 9812999 47240 1000
S21 3 9813000 9813999 50001 1000
S21 3 9814000 9814999 47403 1000
S21 3 9815000 9815999 57534 1000
S21 3 9816000 9816999 59025 1000
S21 3 9817000 9817999 58466 1000
S21 3 9818000 9818999 54318 1000
S21 3 9819000 9819999 50067 1000
S21 3 9820000 9820999 57182 1000
S21 3 9821000 9821999 50767 1000
S21 3 9822000 9822999 23140 1000
S21 3 9823000 9823999 51651 1000
S21 3 9824000 9824999 57266 1000
S21 3 9825000 9825999 45904 1000
S21 3 9826000 9826999 52431 1000
S21 3 9827000 9827999 51182 1000
S21 3 9828000 9828999 42610 1000
S21 3 9829000 9829999 54935 1000
S21 3 9830000 9830999 56010 1000
S21 3 9831000 9831999 52639 1000
S21 3 9832000 9832999 59989 1000
S21 3 9833000 9833999 52539 999
S21 3 9834000 9834999 48559 1000
S21 3 9835000 9835999 61243 996
S21 3 9836000 9836999 55615 1000
S21 3 9837000 9837999 48195 1000
S21 3 9838000 9838999 54567 1000
S21 3 9839000 9839999 51721 999
S21 3 9840000 9840999 49529 1000
S21 3 9841000 9841999 52041 1000
S21 3 9842000 9842999 49658 1000
S21 3 9843000 9843999 48984 1000
S21 3 9844000 9844999 49553 1000
S21 3 9845000 9845999 50871 1000
S21 3 9846000 9846999 45808 1000
S21 3 9847000 9847999 48101 1000
S21 3 9848000 9848999 51569 1000
S21 3 9849000 9849999 56137 1000
S21 3 9850000 9850999 51184 1000
S21 3 9851000 9851999 47824 1000
S21 3 9852000 9852999 56804 1000
S21 3 9853000 9853999 59244 1000
S21 3 9854000 9854999 57365 1000
S21 3 9855000 9855999 45982 1000
S21 3 9856000 9856999 27463 610
S22 3 9766000 9766999 5886 157
S22 3 9767000 9767999 28451 1000
S22 3 9768000 9768999 41044 999
S22 3 9769000 9769999 39943 1000
S22 3 9770000 9770999 43452 1000
S22 3 9771000 9771999 46620 999
S22 3 9772000 9772999 38667 1000
S22 3 9773000 9773999 39572 1000
S22 3 9774000 9774999 43162 1000
S22 3 9775000 9775999 41379 1000
S22 3 9776000 9776999 31457 1000
S22 3 9777000 9777999 34963 1000
S22 3 9778000 9778999 42317 1000
S22 3 9779000 9779999 37870 1000
S22 3 9780000 9780999 40528 1000
S22 3 9781000 9781999 33707 1000
S22 3 9782000 9782999 8199 912
S22 3 9783000 9783999 30134 995
S22 3 9784000 9784999 10061 957
S22 3 9785000 9785999 1092 1000
S22 3 9786000 9786999 11859 967
S22 3 9787000 9787999 4948 966
S22 3 9788000 9788999 19429 1000
S22 3 9789000 9789999 36171 1000
S22 3 9790000 9790999 36000 1000
S22 3 9791000 9791999 38986 1000
S22 3 9792000 9792999 45526 999
S22 3 9793000 9793999 30348 999
S22 3 9794000 9794999 29541 1000
S22 3 9795000 9795999 36836 1000
S22 3 9796000 9796999 41161 1000
S22 3 9797000 9797999 38627 1000
S22 3 9798000 9798999 39184 1000
S22 3 9799000 9799999 33531 1000
S22 3 9800000 9800999 37047 1000
S22 3 9801000 9801999 39729 1000
S22 3 9802000 9802999 45494 1000
S22 3 9803000 9803999 30113 998
S22 3 9804000 9804999 19480 995
S22 3 9805000 9805999 27712 1000
S22 3 9806000 9806999 37325 1000
S22 3 9807000 9807999 23529 997
S22 3 9808000 9808999 31770 1000
S22 3 9809000 9809999 38830 1000
S22 3 9810000 9810999 35267 1000
S22 3 9811000 9811999 35171 1000
S22 3 9812000 9812999 31320 1000
S22 3 9813000 9813999 34287 1000
S22 3 9814000 9814999 30277 1000
S22 3 9815000 9815999 36349 1000
S22 3 9816000 9816999 39291 1000
S22 3 9817000 9817999 33217 1000
S22 3 9818000 9818999 32941 1000
S22 3 9819000 9819999 45511 1000
S22 3 9820000 9820999 33855 1000
S22 3 9821000 9821999 32534 1000
S22 3 9822000 9822999 19934 1000
S22 3 9823000 9823999 33967 1000
S22 3 9824000 9824999 31689 1000
S22 3 9825000 9825999 44464 1000
S22 3 9826000 9826999 43002 1000
S22 3 9827000 9827999 40005 1000
S22 3 9828000 9828999 25420 1000
S22 3 9829000 9829999 43063 1000
S22 3 9830000 9830999 32244 1000
S22 3 9831000 9831999 37889 1000
S22 3 9832000 9832999 36166 1000
S22 3 9833000 9833999 32237 999
S22 3 9834000 9834999 32203 1000
S22 3 9835000 9835999 22057 996
S22 3 9836000 9836999 31413 1000
S22 3 9837000 9837999 41107 1000
S22 3 9838000 9838999 37665 1000
S22 3 9839000 9839999 29683 999
S22 3 9840000 9840999 23123 1000
S22 3 9841000 9841999 33798 1000
S22 3 9842000 9842999 31414 1000
S22 3 9843000 9843999 33722 1000
S22 3 9844000 9844999 36673 1000
S22 3 9845000 9845999 31361 1000
S22 3 9846000 9846999 30228 1000
S22 3 9847000 9847999 30629 1000
S22 3 9848000 9848999 36886 1000
S22 3 9849000 9849999 30787 1000
S22 3 9850000 9850999 43054 1000
S22 3 9851000 9851999 39544 1000
S22 3 9852000 9852999 31589 1000
S22 3 9853000 9853999 36956 1000
S22 3 9854000 9854999 31584 1000
S22 3 9855000 9855999 35400 1000
S22 3 9856000 9856999 16469 610
S3 3 9766000 9766999 8266 157
S3 3 9767000 9767999 52785 1000
S3 3 9768000 9768999 48691 999
S3 3 9769000 9769999 45074 1000
S3 3 9770000 9770999 46799 1000
S3 3 9771000 9771999 44478 999
S3 3 9772000 9772999 45320 1000
S3 3 9773000 9773999 45740 1000
S3 3 9774000 9774999 43212 1000
S3 3 9775000 9775999 43291 1000
S3 3 9776000 9776999 51424 1000
S3 3 9777000 9777999 37778 1000
S3 3 9778000 9778999 42038 1000
S3 3 9779000 9779999 45100 1000
S3 3 9780000 9780999 45209 1000
S3 3 9781000 9781999 48068 1000
S3 3 9782000 9782999 45016 912
S3 3 9783000 9783999 90352 995
S3 3 9784000 9784999 34034 957
S3 3 9785000 9785999 10350 1000
S3 3 9786000 9786999 70684 967
S3 3 9787000 9787999 34475 966
S3 3 9788000 9788999 52619 1000
S3 3 9789000 9789999 53071 1000
S3 3 9790000 9790999 48301 1000
S3 3 9791000 9791999 51612 1000
S3 3 9792000 9792999 50030 999
S3 3 9793000 9793999 50512 999
S3 3 9794000 9794999 41025 1000
S3 3 9795000 9795999 41000 1000
S3 3 9796000 9796999 41125 1000
S3 3 9797000 9797999 42585 1000
S3 3 9798000 9798999 49877 1000
S3 3 9799000 9799999 60507 1000
S3 3 9800000 9800999 46325 1000
S3 3 9801000 9801999 45133 1000
S3 3 9802000 9802999 47821 1000
S3 3 9803000 9803999 52119 998
S3 3 9804000 9804999 50592 995
S3 3 9805000 9805999 44988 1000
S3 3 9806000 9806999 44816 1000
S3 3 9807000 9807999 45913 997
S3 3 9808000 9808999 49372 1000
S3 3 9809000 9809999 44669 1000
S3 3 9810000 9810999 40221 1000
S3 3 9811000 9811999 50523 1000
S3 3 9812000 9812999 57110 1000
S3 3 9813000 9813999 56959 1000
S3 3 9814000 9814999 54421 1000
S3 3 9815000 9815999 60806 1000
S3 3 9816000 9816999 59733 1000
S3 3 9817000 9817999 53269 1000
S3 3 9818000 9818999 65157 1000
S3 3 9819000 9819999 57847 1000
S3 3 9820000 9820999 54562 1000
S3 3 9821000 9821999 55602 1000
S3 3 9822000 9822999 59721 1000
S3 3 9823000 9823999 53507 1000
S3 3 9824000 9824999 48889 1000
S3 3 9825000 9825999 41466 1000
S3 3 9826000 9826999 47222 1000
S3 3 9827000 9827999 49437 1000
S3 3 9828000 9828999 46630 1000
S3 3 9829000 9829999 42533 1000
S3 3 9830000 9830999 46800 1000
S3 3 9831000 9831999 54570 1000
S3 3 9832000 9832999 49748 1000
S3 3 9833000 9833999 51232 999
S3 3 9834000 9834999 48579 1000
S3 3 9835000 9835999 45339 996
S3 3 9836000 9836999 59067 1000
S3 3 9837000 9837999 55585 1000
S3 3 9838000 9838999 57822 1000
S3 3 9839000 9839999 56946 999
S3 3 9840000 9840999 60236 1000
S3 3 9841000 9841999 62559 1000
S3 3 9842000 9842999 57488 1000
S3 3 9843000 9843999 51331 1000
S3 3 9844000 9844999 47102 1000
S3 3 9845000 9845999 49469 1000
S3 3 9846000 9846999 48744 1000
S3 3 9847000 9847999 45865 1000
S3 3 9848000 9848999 53646 1000
S3 3 9849000 9849999 46552 1000
S3 3 9850000 9850999 48650 1000
S3 3 9851000 9851999 57495 1000
S3 3 9852000 9852999 60283 1000
S3 3 9853000 9853999 53241 1000
S3 3 9854000 9854999 55515 1000
S3 3 9855000 9855999 51408 1000
S3 3 9856000 9856999 29866 610
S4 3 9766000 9766999 7414 157
S4 3 9767000 9767999 44355 1000
S4 3 9768000 9768999 41455 999
S4 3 9769000 9769999 43488 1000
S4 3 9770000 9770999 43602 1000
S4 3 9771000 9771999 38332 999
S4 3 9772000 9772999 43485 1000
S4 3 9773000 9773999 37901 1000
S4 3 9774000 9774999 38395 1000
S4 3 9775000 9775999 40581 1000
S4 3 9776000 9776999 41938 1000
S4 3 9777000 9777999 34654 1000
S4 3 9778000 9778999 36856 1000
S4 3 9779000 9779999 39448 1000
S4 3 9780000 9780999 43493 1000
S4 3 9781000 9781999 38396 1000
S4 3 9782000 9782999 36263 912
S4 3 9783000 9783999 58395 995
S4 3 9784000 9784999 29808 957
S4 3 9785000 9785999 8871 1000
S4 3 9786000 9786999 43512 967
S4 3 9787000 9787999 24495 966
S4 3 9788000 9788999 38569 1000
S4 3 9789000 9789999 41916 1000
S4 3 9790000 9790999 40208 1000
S4 3 9791000 9791999 37775 1000
S4 3 9792000 9792999 40099 999
S4 3 9793000 9793999 34391 999
S4 3 9794000 9794999 41875 1000
S4 3 9795000 9795999 40843 1000
S4 3 9796000 9796999 39015 1000
S4 3 9797000 9797999 39375 1000
S4 3 9798000 9798999 46549 1000
S4 3 9799000 9799999 52568 1000
S4 3 9800000 9800999 40146 1000
S4 3 9801000 9801999 42761 1000
S4 3 9802000 9802999 43003 1000
S4 3 9803000 9803999 39969 998
S4 3 9804000 9804999 33661 995
S4 3 9805000 9805999 41313 1000
S4 3 9806000 9806999 39078 1000
S4 3 9807000 9807999 38121 997
S4 3 9808000 9808999 42137 1000
S4 3 9809000 9809999 44993 1000
S4 3 9810000 9810999 45815 1000
S4 3 9811000 9811999 41576 1000
S4 3 9812000 9812999 40715 1000
S4 3 9813000 9813999 40549 1000
S4 3 9814000 9814999 39311 1000
S4 3 9815000 9815999 41024 1000
S4 3 9816000 9816999 42688 1000
S4 3 9817000 9817999 46879 1000
S4 3 9818000 9818999 45941 1000
S4 3 9819000 9819999 42414 1000
S4 3 9820000 9820999 43232 1000
S4 3 9821000 9821999 43506 1000
S4 3 9822000 9822999 43401 1000
S4 3 9823000 9823999 48370 1000
S4 3 9824000 9824999 45170 1000
S4 3 9825000 9825999 42089 1000
S4 3 9826000 9826999 40033 1000
S4 3 9827000 9827999 45383 1000
S4 3 9828000 9828999 37676 1000
S4 3 9829000 9829999 42449 1000
S4 3 9830000 9830999 44747 1000
S4 3 9831000 9831999 45211 1000
S4 3 9832000 9832999 47710 1000
S4 3 9833000 9833999 40933 999
S4 3 9834000 9834999 39067 1000
S4 3 9835000 9835999 48769 996
S4 3 9836000 9836999 45704 1000
S4 3 9837000 9837999 42680 1000
S4 3 9838000 9838999 41426 1000
S4 3 9839000 9839999 45300 999
S4 3 9840000 9840999 39822 1000
S4 3 9841000 9841999 44084 1000
S4 3 9842000 9842999 43070 1000
S4 3 9843000 9843999 41115 1000
S4 3 9844000 9844999 47314 1000
S4 3 9845000 9845999 49140 1000
S4 3 9846000 9846999 45783 1000
S4 3 9847000 9847999 40572 1000
S4 3 9848000 9848999 45591 1000
S4 3 9849000 9849999 48939 1000
S4 3 9850000 9850999 46646 1000
S4 3 9851000 9851999 44303 1000
S4 3 9852000 9852999 45868 1000
S4 3 9853000 9853999 52725 1000
S4 3 9854000 9854999 45961 1000
S4 3 9855000 9855999 44173 1000
S4 3 9856000 9856999 24795 610
S5 3 9766000 9766999 6017 157
S5 3 9767000 9767999 38697 1000
S5 3 9768000 9768999 42778 999
S5 3 9769000 9769999 41916 1000
S5 3 9770000 9770999 37461 1000
S5 3 9771000 9771999 39299 999
S5 3 9772000 9772999 38743 1000
S5 3 9773000 9773999 37990 1000
S5 3 9774000 9774999 35162 1000
S5 3 9775000 9775999 37221 1000
S5 3 9776000 9776999 39551 1000
S5 3 9777000 9777999 38959 1000
S5 3 9778000 9778999 38838 1000
S5 3 9779000 9779999 38601 1000
S5 3 9780000 9780999 42262 1000
S5 3 9781000 9781999 44416 1000
S5 3 9782000 9782999 38320 912
S5 3 9783000 9783999 65481 995
S5 3 9784000 9784999 29366 957
S5 3 9785000 9785999 7003 1000
S5 3 9786000 9786999 56833 967
S5 3 9787000 9787999 26583 966
S5 3 9788000 9788999 42790 1000
S5 3 9789000 9789999 38931 1000
S5 3 9790000 9790999 39939 1000
S5 3 9791000 9791999 39163 1000
S5 3 9792000 9792999 36640 999
S5 3 9793000 9793999 36284 999
S5 3 9794000 9794999 42256 1000
S5 3 9795000 9795999 41309 1000
S5 3 9796000 9796999 39144 1000
S5 3 9797000 9797999 40514 1000
S5 3 9798000 9798999 38818 1000
S5 3 9799000 9799999 44447 1000
S5 3 9800000 9800999 40088 1000
S5 3 9801000 9801999 37495 1000
S5 3 9802000 9802999 37556 1000
S5 3 9803000 9803999 51176 998
S5 3 9804000 9804999 40690 995
S5 3 9805000 9805999 39787 1000
S5 3 9806000 9806999 41415 1000
S5 3 9807000 9807999 42116 997
S5 3 9808000 9808999 53286 1000
S5 3 9809000 9809999 44464 1000
S5 3 9810000 9810999 43835 1000
S5 3 9811000 9811999 46595 1000
S5 3 9812000 9812999 41556 1000
S5 3 9813000 9813999 41043 1000
S5 3 9814000 9814999 42083 1000
S5 3 9815000 9815999 38351 1000
S5 3 9816000 9816999 39330 1000
S5 3 9817000 9817999 48959 1000
S5 3 9818000 9818999 46468 1000
S5 3 9819000 9819999 45211 1000
S5 3 9820000 9820999 42283 1000
S5 3 9821000 9821999 39497 1000
S5 3 9822000 9822999 46147 1000
S5 3 9823000 9823999 39351 1000
S5 3 9824000 9824999 38130 1000
S5 3 9825000 9825999 40455 1000
S5 3 9826000 9826999 41658 1000
S5 3 9827000 9827999 37695 1000
S5 3 9828000 9828999 42588 1000
S5 3 9829000 9829999 39263 1000
S5 3 9830000 9830999 37759 1000
S5 3 9831000 9831999 37051 1000
S5 3 9832000 9832999 38821 1000
S5 3 9833000 9833999 38218 999
S5 3 9834000 9834999 41070 1000
S5 3 9835000 9835999 45459 996
S5 3 9836000 9836999 39030 1000
S5 3 9837000 9837999 42119 1000
S5 3 9838000 9838999 35914 1000
S5 3 9839000 9839999 41021 999
S5 3 9840000 9840999 40928 1000
S5 3 9841000 9841999 43121 1000
S5 3 9842000 9842999 41057 1000
S5 3 9843000 9843999 41471 1000
S5 3 9844000 9844999 41970 1000
S5 3 9845000 9845999 44341 1000
S5 3 9846000 9846999 41238 1000
S5 3 9847000 9847999 38795 1000
S5 3 9848000 9848999 43341 1000
S5 3 9849000 9849999 44966 1000
S5 3 9850000 9850999 42215 1000
S5 3 9851000 9851999 40078 1000
S5 3 9852000 9852999 44309 1000
S5 3 9853000 9853999 39185 1000
S5 3 9854000 9854999 42078 1000
S5 3 9855000 9855999 47562 1000
S5 3 9856000 9856999 27674 610
S6 3 9766000 9766999 7267 157
S6 3 9767000 9767999 43891 1000
S6 3 9768000 9768999 42219 999
S6 3 9769000 9769999 42329 1000
S6 3 9770000 9770999 42521 1000
S6 3 9771000 9771999 37125 999
S6 3 9772000 9772999 39747 1000
S6 3 9773000 9773999 44819 1000
S6 3 9774000 9774999 41557 1000
S6 3 9775000 9775999 39570 1000
S6 3 9776000 9776999 43969 1000
S6 3 9777000 9777999 41124 1000
S6 3 9778000 9778999 41122 1000
S6 3 9779000 9779999 41540 1000
S6 3 9780000 9780999 42955 1000
S6 3 9781000 9781999 43634 1000
S6 3 9782000 9782999 38923 912
S6 3 9783000 9783999 55109 995
S6 3 9784000 9784999 24132 957
S6 3 9785000 9785999 11156 1000
S6 3 9786000 9786999 51721 967
S6 3 9787000 9787999 31969 966
S6 3 9788000 9788999 42397 1000
S6 3 9789000 9789999 45206 1000
S6 3 9790000 9790999 39880 1000
S6 3 9791000 9791999 38354 1000
S6 3 9792000 9792999 38194 999
S6 3 9793000 9793999 39957 999
S6 3 9794000 9794999 39477 1000
S6 3 9795000 9795999 41885 1000
S6 3 9796000 9796999 41909 1000
S6 3 9797000 9797999 42412 1000
S6 3 9798000 9798999 42491 1000
S6 3 9799000 9799999 54579 1000
S6 3 9800000 9800999 41809 1000
S6 3 9801000 9801999 37211 1000
S6 3 9802000 9802999 37853 1000
S6 3 9803000 9803999 47020 998
S6 3 9804000 9804999 42771 995
S6 3 9805000 9805999 44492 1000
S6 3 9806000 9806999 40833 1000
S6 3 9807000 9807999 40252 997
S6 3 9808000 9808999 38932 1000
S6 3 9809000 9809999 43705 1000
S6 3 9810000 9810999 42020 1000
S6 3 9811000 9811999 44474 1000
S6 3 9812000 9812999 43639 1000
S6 3 9813000 9813999 44567 1000
S6 3 9814000 9814999 39925 1000
S6 3 9815000 9815999 40782 1000
S6 3 9816000 9816999 44160 1000
S6 3 9817000 9817999 49545 1000
S6 3 9818000 9818999 47081 1000
S6 3 9819000 9819999 47942 1000
S6 3 9820000 9820999 45881 1000
S6 3 9821000 9821999 43785 1000
S6 3 9822000 9822999 45986 1000
S6 3 9823000 9823999 43304 1000
S6 3 9824000 9824999 49439 1000
S6 3 9825000 9825999 46840 1000
S6 3 9826000 9826999 41642 1000
S6 3 9827000 9827999 41810 1000
S6 3 9828000 9828999 45227 1000
S6 3 9829000 9829999 43632 1000
S6 3 9830000 9830999 47391 1000
S6 3 9831000 9831999 45346 1000
S6 3 9832000 9832999 45255 1000
S6 3 9833000 9833999 40928 999
S6 3 9834000 9834999 44436 1000
S6 3 9835000 9835999 43460 996
S6 3 9836000 9836999 48235 1000
S6 3 9837000 9837999 51357 1000
S6 3 9838000 9838999 46812 1000
S6 3 9839000 9839999 44602 999
S6 3 9840000 9840999 54546 1000
S6 3 9841000 9841999 43965 1000
S6 3 9842000 9842999 42257 1000
S6 3 9843000 9843999 44462 1000
S6 3 9844000 9844999 44156 1000
S6 3 9845000 9845999 43488 1000
S6 3 9846000 9846999 48078 1000
S6 3 9847000 9847999 45256 1000
S6 3 9848000 9848999 40635 1000
S6 3 9849000 9849999 42858 1000
S6 3 9850000 9850999 45756 1000
S6 3 9851000 9851999 41644 1000
S6 3 9852000 9852999 53734 1000
S6 3 9853000 9853999 49221 1000
S6 3 9854000 9854999 39348 1000
S6 3 9855000 9855999 46037 1000
S6 3 9856000 9856999 26037 610
S7 3 9766000 9766999 6143 157
S7 3 9767000 9767999 30488 1000
S7 3 9768000 9768999 30081 999
S7 3 9769000 9769999 37699 1000
S7 3 9770000 9770999 30993 1000
S7 3 9771000 9771999 36429 999
S7 3 9772000 9772999 34166 1000
S7 3 9773000 9773999 32646 1000
S7 3 9774000 9774999 34507 1000
S7 3 9775000 9775999 34918 1000
S7 3 9776000 9776999 37729 1000
S7 3 9777000 9777999 31854 1000
S7 3 9778000 9778999 38408 1000
S7 3 9779000 9779999 37444 1000
S7 3 9780000 9780999 30835 1000
S7 3 9781000 9781999 34211 1000
S7 3 9782000 9782999 3720 912
S7 3 9783000 9783999 22165 995
S7 3 9784000 9784999 6678 957
S7 3 9785000 9785999 63 1000
S7 3 9786000 9786999 4376 967
S7 3 9787000 9787999 6312 966
S7 3 9788000 9788999 29290 1000
S7 3 9789000 9789999 37313 1000
S7 3 9790000 9790999 39704 1000
S7 3 9791000 9791999 37504 1000
S7 3 9792000 9792999 35012 999
S7 3 9793000 9793999 24700 999
S7 3 9794000 9794999 31261 1000
S7 3 9795000 9795999 32152 1000
S7 3 9796000 9796999 36468 1000
S7 3 9797000 9797999 33976 1000
S7 3 9798000 9798999 39163 1000
S7 3 9799000 9799999 40258 1000
S7 3 9800000 9800999 34169 1000
S7 3 9801000 9801999 36091 1000
S7 3 9802000 9802999 31788 1000
S7 3 9803000 9803999 41353 998
S7 3 9804000 9804999 25785 995
S7 3 9805000 9805999 37425 1000
S7 3 9806000 9806999 29626 1000
S7 3 9807000 9807999 32200 997
S7 3 9808000 9808999 30061 1000
S7 3 9809000 9809999 35857 1000
S7 3 9810000 9810999 34397 1000
S7 3 9811000 9811999 33457 1000
S7 3 9812000 9812999 34873 1000
S7 3 9813000 9813999 36994 1000
S7 3 9814000 9814999 35446 1000
S7 3 9815000 9815999 33885 1000
S7 3 9816000 9816999 35214 1000
S7 3 9817000 9817999 31130 1000
S7 3 9818000 9818999 30960 1000
S7 3 9819000 9819999 32429 1000
S7 3 9820000 9820999 32301 1000
S7 3 9821000 9821999 30970 1000
S7 3 9822000 9822999 12372 1000
S7 3 9823000 9823999 25630 1000
S7 3 9824000 9824999 31729 1000
S7 3 9825000 9825999 33550 1000
S7 3 9826000 9826999 38401 1000
S7 3 9827000 9827999 35760 1000
S7 3 9828000 9828999 33623 1000
S7 3 9829000 9829999 32571 1000
S7 3 9830000 9830999 35110 1000
S7 3 9831000 9831999 31648 1000
S7 3 9832000 9832999 33739 1000
S7 3 9833000 9833999 36671 999
S7 3 9834000 9834999 36614 1000
S7 3 9835000 9835999 33994 996
S7 3 9836000 9836999 32780 1000
S7 3 9837000 9837999 33992 1000
S7 3 9838000 9838999 37325 1000
S7 3 9839000 9839999 34061 999
S7 3 9840000 9840999 31341 1000
S7 3 9841000 9841999 35780 1000
S7 3 9842000 9842999 30704 1000
S7 3 9843000 9843999 28552 1000
S7 3 9844000 9844999 34974 1000
S7 3 9845000 9845999 34690 1000
S7 3 9846000 9846999 37984 1000
S7 3 9847000 9847999 31535 1000
S7 3 9848000 9848999 31544 1000
S7 3 9849000 9849999 34365 1000
S7 3 9850000 9850999 34923 1000
S7 3 9851000 9851999 34631 1000
S7 3 9852000 9852999 32142 1000
S7 3 9853000 9853999 30826 1000
S7 3 9854000 9854999 32253 1000
S7 3 9855000 9855999 31045 1000
S7 3 9856000 9856999 19644 610
S8 3 9766000 9766999 7151 157
S8 3 9767000 9767999 42196 1000
S8 3 9768000 9768999 46444 999
S8 3 9769000 9769999 47565 1000
S8 3 9770000 9770999 41260 1000
S8 3 9771000 9771999 40161 999
S8 3 9772000 9772999 41302 1000
S8 3 9773000 9773999 49544 1000
S8 3 9774000 9774999 41685 1000
S8 3 9775000 9775999 44763 1000
S8 3 9776000 9776999 48193 1000
S8 3 9777000 9777999 52754 1000
S8 3 9778000 9778999 47798 1000
S8 3 9779000 9779999 47539 1000
S8 3 9780000 9780999 41388 1000
S8 3 9781000 9781999 41840 1000
S8 3 9782000 9782999 9929 912
S8 3 9783000 9783999 44018 995
S8 3 9784000 9784999 7148 957
S8 3 9785000 9785999 1375 1000
S8 3 9786000 9786999 16494 967
S8 3 9787000 9787999 11269 966
S8 3 9788000 9788999 44675 1000
S8 3 9789000 9789999 46975 1000
S8 3 9790000 9790999 39590 1000
S8 3 9791000 9791999 43238 1000
S8 3 9792000 9792999 42128 999
S8 3 9793000 9793999 39700 999
S8 3 9794000 9794999 43204 1000
S8 3 9795000 9795999 42445 1000
S8 3 9796000 9796999 44736 1000
S8 3 9797000 9797999 39683 1000
S8 3 9798000 9798999 45280 1000
S8 3 9799000 9799999 54216 1000
S8 3 9800000 9800999 47298 1000
S8 3 9801000 9801999 43469 1000
S8 3 9802000 9802999 46658 1000
S8 3 9803000 9803999 55996 998
S8 3 9804000 9804999 43928 995
S8 3 9805000 9805999 47097 1000
S8 3 9806000 9806999 45324 1000
S8 3 9807000 9807999 50110 997
S8 3 9808000 9808999 53384 1000
S8 3 9809000 9809999 48831 1000
S8 3 9810000 9810999 46205 1000
S8 3 9811000 9811999 46747 1000
S8 3 9812000 9812999 47087 1000
S8 3 9813000 9813999 42181 1000
S8 3 9814000 9814999 44438 1000
S8 3 9815000 9815999 50567 1000
S8 3 9816000 9816999 54318 1000
S8 3 9817000 9817999 47801 1000
S8 3 9818000 9818999 48957 1000
S8 3 9819000 9819999 42960 1000
S8 3 9820000 9820999 49663 1000
S8 3 9821000 9821999 49580 1000
S8 3 9822000 9822999 29584 1000
S8 3 9823000 9823999 50830 1000
S8 3 9824000 9824999 50161 1000
S8 3 9825000 9825999 47504 1000
S8 3 9826000 9826999 43400 1000
S8 3 9827000 9827999 38588 1000
S8 3 9828000 9828999 44529 1000
S8 3 9829000 9829999 39333 1000
S8 3 9830000 9830999 38865 1000
S8 3 9831000 9831999 46518 1000
S8 3 9832000 9832999 49748 1000
S8 3 9833000 9833999 48688 999
S8 3 9834000 9834999 42315 1000
S8 3 9835000 9835999 58494 996
S8 3 9836000 9836999 51737 1000
S8 3 9837000 9837999 41979 1000
S8 3 9838000 9838999 45766 1000
S8 3 9839000 9839999 47606 999
S8 3 9840000 9840999 52816 1000
S8 3 9841000 9841999 43322 1000
S8 3 9842000 9842999 51654 1000
S8 3 9843000 9843999 42599 1000
S8 3 9844000 9844999 46723 1000
S8 3 9845000 9845999 46735 1000
S8 3 9846000 9846999 50942 1000
S8 3 9847000 9847999 42356 1000
S8 3 9848000 9848999 46791 1000
S8 3 9849000 9849999 50872 1000
S8 3 9850000 9850999 53740 1000
S8 3 9851000 9851999 49457 1000
S8 3 9852000 9852999 50271 1000
S8 3 9853000 9853999 44603 1000
S8 3 9854000 9854999 51314 1000
S8 3 9855000 9855999 50001 1000
S8 3 9856000 9856999 31186 610
S9 3 9766000 9766999 7113 157
S9 3 9767000 9767999 48818 1000
S9 3 9768000 9768999 44221 999
S9 3 9769000 9769999 43341 1000
S9 3 9770000 9770999 44515 1000
S9 3 9771000 9771999 45049 999
S9 3 9772000 9772999 48220 1000
S9 3 9773000 9773999 43530 1000
S9 3 9774000 9774999 44263 1000
S9 3 9775000 9775999 43442 1000
S9 3 9776000 9776999 46192 1000
S9 3 9777000 9777999 50144 1000
S9 3 9778000 9778999 47352 1000
S9 3 9779000 9779999 45834 1000
S9 3 9780000 9780999 44067 1000
S9 3 9781000 9781999 51759 1000
S9 3 9782000 9782999 17938 912
S9 3 9783000 9783999 51747 995
S9 3 9784000 9784999 22239 957
S9 3 9785000 9785999 6070 1000
S9 3 9786000 9786999 23677 967
S9 3 9787000 9787999 39382 966
S9 3 9788000 9788999 47806 1000
S9 3 9789000 9789999 46186 1000
S9 3 9790000 9790999 44432 1000
S9 3 9791000 9791999 41213 1000
S9 3 9792000 9792999 41196 999
S9 3 9793000 9793999 49952 999
S9 3 9794000 9794999 53925 1000
S9 3 9795000 9795999 45269 1000
S9 3 9796000 9796999 50598 1000
S9 3 9797000 9797999 50779 1000
S9 3 9798000 9798999 48895 1000
S9 3 9799000 9799999 41462 1000
S9 3 9800000 9800999 39860 1000
S9 3 9801000 9801999 45282 1000
S9 3 9802000 9802999 43877 1000
S9 3 9803000 9803999 62041 998
S9 3 9804000 9804999 54293 995
S9 3 9805000 9805999 54418 1000
S9 3 9806000 9806999 48413 1000
S9 3 9807000 9807999 49084 997
S9 3 9808000 9808999 46590 1000
S9 3 9809000 9809999 43728 1000
S9 3 9810000 9810999 48884 1000
S9 3 9811000 9811999 47708 1000
S9 3 9812000 9812999 45414 1000
S9 3 9813000 9813999 51516 1000
S9 3 9814000 9814999 43296 1000
S9 3 9815000 9815999 49040 1000
S9 3 9816000 9816999 42724 1000
S9 3 9817000 9817999 51189 1000
S9 3 9818000 9818999 56781 1000
S9 3 9819000 9819999 43660 1000
S9 3 9820000 9820999 46204 1000
S9 3 9821000 9821999 44459 1000
S9 3 9822000 9822999 55029 1000
S9 3 9823000 9823999 54221 1000
S9 3 9824000 9824999 47602 1000
S9 3 9825000 9825999 45040 1000
S9 3 9826000 9826999 43680 1000
S9 3 9827000 9827999 48387 1000
S9 3 9828000 9828999 44535 1000
S9 3 9829000 9829999 49274 1000
S9 3 9830000 9830999 50277 1000
S9 3 9831000 9831999 49082 1000
S9 3 9832000 9832999 44067 1000
S9 3 9833000 9833999 51142 999
S9 3 9834000 9834999 44794 1000
S9 3 9835000 9835999 56400 996
S9 3 9836000 9836999 48473 1000
S9 3 9837000 9837999 53619 1000
S9 3 9838000 9838999 49497 1000
S9 3 9839000 9839999 49650 999
S9 3 9840000 9840999 55515 1000
S9 3 9841000 9841999 52401 1000
S9 3 9842000 9842999 53070 1000
S9 3 9843000 9843999 50504 1000
S9 3 9844000 9844999 48334 1000
S9 3 9845000 9845999 51014 1000
S9 3 9846000 9846999 48079 1000
S9 3 9847000 9847999 46765 1000
S9 3 9848000 9848999 51090 1000
S9 3 9849000 9849999 49099 1000
S9 3 9850000 9850999 47170 1000
S9 3 9851000 9851999 50571 1000
S9 3 9852000 9852999 48511 1000
S9 3 9853000 9853999 46268 1000
S9 3 9854000 9854999 48696 1000
S9 3 9855000 9855999 50964 1000
S9 3 9856000 9856999 30061 610
