marker_id chr missing AA AB AY BY P.value prop
A_chr_2_pos_10007213 1 288 3862 4321 0 0 3.89396763681443e-07 0.47195405108151
A_chr_2_pos_10123232 1 2816 2617 3038 0 0 2.16309122422924e-08 0.462776304155614
A_chr_2_pos_10278828 1 245 3885 4341 0 0 4.96363668169985e-07 0.472283005105762
A_chr_2_pos_10858668 1 273 3877 4321 0 0 9.40204006438561e-07 0.472920224444987
A_chr_2_pos_10861651 1 374 3836 4261 0 0 2.32280047616886e-06 0.473755711992096
A_chr_2_pos_11030004 1 249 3878 4344 0 0 2.75881750049912e-07 0.471661396253953
A_chr_2_pos_11186312 1 5050 1229 2192 0 0 6.59560219490268e-61 0.359251680795089
A_chr_2_pos_11265585 1 307 3844 4320 0 0 1.37829861894621e-07 0.470847623713866
A_chr_2_pos_11532758 1 315 3858 4298 0 0 1.10431583980816e-06 0.473025993133889
A_chr_2_pos_1180063 1 387 4073 4011 0 0 0.490464460905764 0.503834735279565
A_chr_2_pos_12348118 1 967 3545 3959 0 0 1.76006358543343e-06 0.472414712153518
A_chr_2_pos_1281760 1 249 4073 4149 0 0 0.401943097480325 0.49537825346631
A_chr_2_pos_13329211 1 2008 3091 3372 0 0 0.000473460863069638 0.478260869565217
A_chr_2_pos_13657603 1 3859 1899 2713 0 0 4.19968663579653e-33 0.411751951431049
A_chr_2_pos_13975330 1 287 3906 4278 0 0 3.92133302699628e-05 0.477272727272727
A_chr_2_pos_14272003 1 251 3927 4293 0 0 5.41681799539986e-05 0.477737226277372
A_chr_2_pos_1428702 1 258 4070 4143 0 0 0.420524354972891 0.495555826129307
A_chr_2_pos_14646112 1 380 3869 4222 0 0 8.69450639171789e-05 0.478185638363614
A_chr_2_pos_15176087 1 250 3961 4260 0 0 0.000974862342808925 0.481814864371731
A_chr_2_pos_15195596 1 330 3918 4223 0 0 0.000723950283361105 0.481267657535929
A_chr_2_pos_16112054 1 1157 3098 4216 0 0 4.71794756822974e-39 0.423571233251299
A_chr_2_pos_16711664 1 737 3767 3967 0 0 0.0229541982075077 0.487070080165503
A_chr_2_pos_17740750 1 245 4006 4220 0 0 0.018299731169417 0.486992462922441
A_chr_2_pos_18490885 1 302 3978 4191 0 0 0.0184406000896272 0.486962908556739
A_chr_2_pos_18807141 1 245 4016 4210 0 0 0.0324370274852819 0.488208120593241
A_chr_2_pos_19098285 1 4425 1960 2086 0 0 0.0476050196134402 0.484429065743945
A_chr_2_pos_19238807 1 407 3963 4101 0 0 0.124354017322903 0.491443452380952
A_chr_2_pos_19254236 1 669 3765 4037 0 0 0.00207418850777601 0.482568572160984
A_chr_2_pos_19776703 1 1125 3840 3506 0 0 9.74255344663132e-05 0.522733460386605
A_chr_2_pos_20020834 1 1571 4037 2863 0 0 2.36786006482482e-45 0.585072463768116
A_chr_2_pos_2010774 1 273 4007 4191 0 0 0.0421346350851136 0.488777750670895
A_chr_2_pos_20114162 1 8378 16 77 0 0 2.52568702886752e-10 0.172043010752688
A_chr_2_pos_2011893 1 4712 2763 996 0 0 1.18999749588658e-182 0.735035913806864
A_chr_2_pos_20604016 1 3268 3997 1206 0 0 0 0.768210647703248
A_chr_2_pos_20875276 1 260 4022 4189 0 0 0.0653332796613323 0.489830714894654
A_chr_2_pos_21582830 1 6936 1446 89 0 0 7.2997948841014e-263 0.942019543973941
A_chr_2_pos_21871463 1 337 4019 4115 0 0 0.287131682430234 0.49409884435702
A_chr_2_pos_22739363 1 6518 1379 574 0 0 3.87759416096645e-74 0.706093189964158
A_chr_2_pos_22811485 1 724 3846 3901 0 0 0.532050493319869 0.496450238802117
A_chr_2_pos_2318749 1 3804 2122 2545 0 0 5.9456531325751e-10 0.454681808442254
A_chr_2_pos_23232463 1 264 4094 4113 0 0 0.833878097748531 0.498842451565737
A_chr_2_pos_23329923 1 359 4063 4049 0 0 0.876474091603248 0.50086291913215
A_chr_2_pos_23569553 1 310 4099 4062 0 0 0.682120094980971 0.502266879058939
A_chr_2_pos_24072373 1 8446 25 0 0 0 5.73303143758387e-07 1
A_chr_2_pos_2412761 1 881 3375 4215 0 0 5.32427734678867e-22 0.444664031620553
A_chr_2_pos_24232981 1 1365 3548 3558 0 0 0.905570040092335 0.499296369265409
A_chr_2_pos_24498121 1 529 3232 4710 0 0 8.98065887201172e-62 0.406950390329892
A_chr_2_pos_24775435 1 263 4183 4025 0 0 0.0811647390733895 0.509624756335283
A_chr_2_pos_2502609 1 270 4044 4157 0 0 0.212104249509621 0.493110596268748
A_chr_2_pos_25304097 1 1819 4152 2500 0 0 3.20441265294341e-91 0.624173180998196
A_chr_2_pos_25570265 1 309 4160 4002 0 0 0.0803126134575409 0.509679000245038
A_chr_2_pos_26362869 1 806 3925 3740 0 0 0.0345940422238839 0.512067840834964
A_chr_2_pos_26841009 1 334 4150 3987 0 0 0.070764034817942 0.51001597640408
A_chr_2_pos_27521155 1 264 4195 4012 0 0 0.0433797674731555 0.511149019130011
A_chr_2_pos_27830568 1 246 4209 4016 0 0 0.0333298803127837 0.511732522796353
A_chr_2_pos_28569055 1 1457 3570 3444 0 0 0.132456709008313 0.508982035928144
A_chr_2_pos_28823630 1 315 4184 3972 0 0 0.0189021626864915 0.512996566944581
A_chr_2_pos_29433388 1 266 4207 3998 0 0 0.0210372351370715 0.512736136502133
A_chr_2_pos_29446267 1 245 4218 4008 0 0 0.0205913683346903 0.512764405543399
A_chr_2_pos_3010066 1 1715 3190 3566 0 0 4.77373195702381e-06 0.472172883362937
A_chr_2_pos_3216218 1 846 3731 3894 0 0 0.061947606005608 0.489311475409836
A_chr_2_pos_3508480 1 3234 2148 3089 0 0 1.17416669207252e-38 0.410158487683788
A_chr_2_pos_3925946 1 872 3413 4186 0 0 7.48053546278098e-19 0.449138044479537
A_chr_2_pos_4152880 1 371 4029 4071 0 0 0.640738381802541 0.497407407407407
A_chr_2_pos_4355611 1 267 4017 4187 0 0 0.0605347860785019 0.489639200390054
A_chr_2_pos_4483794 1 383 3921 4167 0 0 0.00623120339304327 0.484792284866469
A_chr_2_pos_488847 1 254 4064 4153 0 0 0.326186875111183 0.494584398198856
A_chr_2_pos_4919304 1 402 3955 4114 0 0 0.0767176358045295 0.490147478002231
A_chr_2_pos_5114301 1 301 4000 4170 0 0 0.0600019136326075 0.489596083231334
A_chr_2_pos_521584 1 3213 4054 1204 0 0 0 0.771015595283378
A_chr_2_pos_5532637 1 309 3981 4181 0 0 0.0268448845164071 0.487748100955648
A_chr_2_pos_5696114 1 249 4007 4215 0 0 0.0217962078187679 0.487351009486743
A_chr_2_pos_5710263 1 8304 37 130 0 0 6.17524048260525e-13 0.221556886227545
A_chr_2_pos_5726001 1 1755 3120 3596 0 0 6.30974101870816e-09 0.464562239428231
A_chr_2_pos_5849230 1 359 3964 4148 0 0 0.0410591975938888 0.488658777120316
A_chr_2_pos_596339 1 5083 2863 525 0 0 0 0.84504132231405
A_chr_2_pos_6027591 1 253 4009 4209 0 0 0.0273692715425675 0.487831589194451
A_chr_2_pos_6740117 1 657 3787 4027 0 0 0.00662698851634653 0.484642948553878
A_chr_2_pos_6762515 1 448 3896 4127 0 0 0.00991000026633832 0.485603888819644
A_chr_2_pos_7143551 1 3832 2200 2439 0 0 0.000449762842839218 0.474240137960767
A_chr_2_pos_8198455 1 301 3907 4263 0 0 8.19674384217308e-05 0.478212974296206
A_chr_2_pos_8249660 1 317 3905 4249 0 0 0.000139222860205194 0.478906058376257
A_chr_2_pos_8658440 1 446 3823 4202 0 0 2.32920217169372e-05 0.476386292834891
A_chr_2_pos_8768893 1 451 3880 4140 0 0 0.00369298065126033 0.483790523690773
A_chr_2_pos_9219827 1 4801 1624 2046 0 0 3.26229707869811e-12 0.442506811989101
A_chr_2_pos_968549 1 473 3964 4034 0 0 0.433790592583917 0.495623905976494
A_chr_2_pos_9797690 1 975 3534 3962 0 0 7.67572686043058e-07 0.47145144076841
A_chr_2_pos_9842286 1 463 3804 4204 0 0 7.82556051311047e-06 0.475024975024975
A_chr_3_pos_10044142 1 466 3990 4015 0 0 0.77992160985814 0.49843847595253
A_chr_3_pos_10387752 1 393 4035 4043 0 0 0.929074083099054 0.499504827927705
A_chr_3_pos_10696062 1 246 4115 4110 0 0 0.956033474161494 0.500303951367781
A_chr_3_pos_10704068 1 381 4115 3975 0 0 0.119585282982146 0.508652657601978
A_chr_3_pos_11070703 1 6845 792 834 0 0 0.297610463688158 0.487084870848708
A_chr_3_pos_11299935 1 272 4118 4081 0 0 0.682817403706995 0.502256372728382
A_chr_3_pos_13048410 1 263 4185 4023 0 0 0.0737568621207761 0.509868421052632
A_chr_3_pos_13505612 1 267 4181 4023 0 0 0.0810906366705234 0.509629449049244
A_chr_3_pos_13645462 1 8455 6 10 0 0 0.317310507862914 0.375
A_chr_3_pos_14459539 1 7543 814 114 0 0 7.62623575864172e-117 0.877155172413793
A_chr_3_pos_14989405 1 293 4172 4006 0 0 0.0664127798891831 0.510149180728785
A_chr_3_pos_16852727 1 304 4054 4113 0 0 0.513845885882053 0.49638790253459
A_chr_3_pos_16887907 1 260 4079 4132 0 0 0.558618379892144 0.496772622092315
A_chr_3_pos_17546545 1 315 4044 4112 0 0 0.451475619525328 0.495831289847965
A_chr_3_pos_18485922 1 309 4054 4108 0 0 0.550028911991905 0.496691987258025
A_chr_3_pos_18651496 1 341 4025 4105 0 0 0.374945741189848 0.495079950799508
A_chr_3_pos_2228605 1 245 4128 4098 0 0 0.74081776917662 0.5018234865062
A_chr_3_pos_2615083 1 245 4126 4100 0 0 0.774366653701616 0.50158035497204
A_chr_3_pos_2774829 1 265 4112 4094 0 0 0.842494245103805 0.501096758469413
A_chr_3_pos_3073479 1 251 4111 4109 0 0 0.982400556847124 0.500121654501217
A_chr_3_pos_3318994 1 1251 3593 3627 0 0 0.689054523370808 0.497645429362881
A_chr_3_pos_4568959 1 297 4062 4112 0 0 0.580239382785908 0.496941521898703
A_chr_3_pos_4841440 1 247 4092 4132 0 0 0.659154291865682 0.497568093385214
A_chr_3_pos_5291056 1 3104 3972 1395 0 0 4.62708715276182e-271 0.740078256008944
A_chr_3_pos_5465514 1 247 4090 4134 0 0 0.627542141958035 0.497324902723735
A_chr_3_pos_5467516 1 342 4046 4083 0 0 0.681529311602207 0.497724197318243
A_chr_3_pos_5795813 1 289 4075 4107 0 0 0.723511722461178 0.498044487900269
A_chr_3_pos_6002091 1 572 2807 5092 0 0 9.0624150799082e-146 0.355361438156729
A_chr_3_pos_6084514 1 6974 826 671 0 0 6.17319035059119e-05 0.551770207080828
A_chr_3_pos_6543081 1 323 4043 4105 0 0 0.492172995073002 0.496195385370643
A_chr_3_pos_7975227 1 1426 3458 3587 0 0 0.124314678449474 0.490844570617459
A_chr_3_pos_8313684 1 255 3683 4533 0 0 6.75328311320051e-21 0.448271665043817
A_chr_3_pos_8403400 1 263 4072 4136 0 0 0.479928692145957 0.496101364522417
A_chr_3_pos_8817993 1 312 4044 4115 0 0 0.431849105648891 0.495648976590268
A_chr_3_pos_9242771 1 249 4087 4135 0 0 0.596554574475835 0.497081002189248
A_chr_3_pos_9454486 1 251 4092 4128 0 0 0.691316168052613 0.497810218978102
A_chr_3_pos_9766843 1 363 4033 4075 0 0 0.640903172901252 0.497409965466206
A_chr_3_pos_9856610 1 379 4014 4078 0 0 0.476797657685307 0.496045477014335
A_chr_4_group1_pos_1378662 1 4464 4003 4 0 0 0 0.99900174694285
A_chr_4_group1_pos_1524230 1 754 3561 4156 0 0 1.25980711124508e-11 0.46144874951406
A_chr_4_group1_pos_2483000 1 559 3857 4055 0 0 0.0260152488275119 0.487487360970677
A_chr_4_group1_pos_3431586 1 275 4012 4184 0 0 0.057448122116917 0.489507076622743
A_chr_4_group1_pos_3614303 1 333 3982 4156 0 0 0.0537539263606387 0.489309412632096
A_chr_4_group1_pos_4134303 1 585 4021 3865 0 0 0.0789699159302477 0.509890945980218
A_chr_4_group1_pos_4321205 1 1021 3594 3856 0 0 0.0024017664523919 0.48241610738255
A_chr_4_group1_pos_4323911 1 307 3985 4179 0 0 0.0317861240812197 0.48811856932876
A_chr_4_group1_pos_4553386 1 303 3990 4178 0 0 0.0375094351837333 0.488491674828599
A_chr_4_group1_pos_4709930 1 250 4011 4210 0 0 0.0281794704878183 0.487896849531687
A_chr_4_group1_pos_4848766 1 246 4020 4205 0 0 0.0413626745525865 0.488753799392097
A_chr_4_group1_pos_763852 1 7447 738 286 0 0 2.66399858213282e-45 0.720703125
A_chr_4_group1_pos_844016 1 1814 2855 3802 0 0 3.8080792040007e-31 0.428871864203094
A_chr_4_group2_pos_280284 1 1267 3589 3615 0 0 0.759355029489765 0.498195446973903
A_chr_4_group2_pos_760438 1 246 4073 4152 0 0 0.383709273850079 0.495197568389058
A_chr_4_group2_pos_792882 1 248 4075 4148 0 0 0.420807021023212 0.495561230694394
A_chr_4_group2_pos_818652 1 276 4054 4141 0 0 0.336528373729266 0.494691885295912
A_chr_4_group3_pos_1022225 1 246 3958 4267 0 0 0.000656464131271905 0.481215805471125
A_chr_4_group3_pos_11033572 1 245 4095 4131 0 0 0.691422973782224 0.49781181619256
A_chr_4_group3_pos_11071033 1 4133 2165 2173 0 0 0.903324051446534 0.499077916090364
A_chr_4_group3_pos_11088978 1 339 4047 4085 0 0 0.673469833837282 0.497663551401869
A_chr_4_group3_pos_11519000 1 1503 3991 2977 0 0 5.92078400366867e-34 0.572761194029851
A_chr_4_group3_pos_11651267 1 394 3968 4109 0 0 0.116672245248876 0.491271511699889
A_chr_4_group3_pos_1298827 1 512 3809 4150 0 0 0.000132211020190478 0.478577710767684
A_chr_4_group3_pos_1675614 1 7189 528 754 0 0 2.75518569917343e-10 0.41185647425897
A_chr_4_group3_pos_3220490 1 285 3956 4230 0 0 0.00245844173953337 0.483264109455167
A_chr_4_group3_pos_3561554 1 265 3972 4234 0 0 0.00382495844348598 0.484036071167438
A_chr_4_group3_pos_5136829 1 279 3948 4244 0 0 0.00107407329072239 0.48193359375
A_chr_4_group3_pos_523947 1 245 3954 4272 0 0 0.000454607551801481 0.480671043034282
A_chr_4_group3_pos_530628 1 246 3953 4272 0 0 0.000435783615110804 0.480607902735562
A_chr_4_group3_pos_6706033 1 870 3737 3864 0 0 0.145200845186888 0.491645836074201
A_chr_4_group3_pos_6959491 1 1086 3565 3820 0 0 0.00300404471745186 0.482735274204468
A_chr_4_group3_pos_7546656 1 7517 475 479 0 0 0.896958241607587 0.4979035639413
A_chr_4_group3_pos_8052421 1 271 4035 4165 0 0 0.151113393458749 0.492073170731707
A_chr_4_group3_pos_8271667 1 337 4004 4130 0 0 0.16239223764448 0.492254733218589
A_chr_4_group3_pos_8575382 1 327 4002 4142 0 0 0.120818375445209 0.491404715127701
A_chr_4_group3_pos_8643290 1 350 4001 4120 0 0 0.186664280345735 0.492673316094077
A_chr_4_group3_pos_9607031 1 245 4100 4126 0 0 0.774366653701616 0.49841964502796
A_chr_4_group3_pos_9614584 1 3461 3788 1222 0 0 9.08015028432039e-288 0.756087824351297
A_chr_4_group4_pos_1014807 1 245 4017 4209 0 0 0.034265632493012 0.488329686360321
A_chr_4_group4_pos_13703 1 8246 186 39 0 0 1.12585646227531e-22 0.826666666666667
A_chr_4_group4_pos_1473335 1 282 4002 4187 0 0 0.0409184986953724 0.488704359506655
A_chr_4_group4_pos_2087286 1 5521 1561 1389 0 0 0.00154138635560504 0.529152542372881
A_chr_4_group4_pos_2110312 1 529 3920 4022 0 0 0.252395111304427 0.493578443716948
A_chr_4_group4_pos_2365837 1 673 3805 3993 0 0 0.0332580842336962 0.487945627083868
A_chr_4_group4_pos_3005305 1 1034 3568 3869 0 0 0.000482408259971431 0.479763345434987
A_chr_4_group4_pos_3193710 1 1715 3322 3434 0 0 0.173003842547588 0.491711071640024
A_chr_4_group4_pos_328276 1 923 3780 3768 0 0 0.890143385135777 0.500794912559618
A_chr_4_group4_pos_3722025 1 247 4059 4165 0 0 0.242458070338495 0.493555447470817
A_chr_4_group4_pos_4195157 1 3921 3688 862 0 0 0 0.810549450549451
A_chr_4_group4_pos_4638028 1 444 3956 4071 0 0 0.199290744163838 0.492836676217765
A_chr_4_group4_pos_5549664 1 264 4040 4167 0 0 0.160950443272817 0.492262702570976
A_chr_4_group4_pos_5587639 1 248 4052 4171 0 0 0.18942026985498 0.492764197981272
A_chr_4_group4_pos_6236353 1 246 4056 4169 0 0 0.212772349849549 0.493130699088146
A_chr_4_group5_pos_1153799 1 245 3974 4252 0 0 0.0021756747199863 0.483102358375881
A_chr_4_group5_pos_137482 1 651 3811 4009 0 0 0.0251533265448019 0.487340153452685
A_chr_4_group5_pos_1611114 1 7612 331 528 0 0 1.7979749129992e-11 0.385331781140861
A_chr_4_group5_pos_1975280 1 501 3914 4056 0 0 0.111701104487101 0.491091593475533
A_chr_4_group5_pos_2019422 1 575 3810 4086 0 0 0.0018961809116353 0.482522796352584
A_chr_4_group5_pos_2383837 1 1861 3094 3516 0 0 2.09696119931142e-07 0.468078668683812
A_chr_4_group5_pos_516084 1 263 3976 4232 0 0 0.00471819872811503 0.484405458089669
A_chr_4_group5_pos_546672 1 253 3978 4240 0 0 0.00385075657623853 0.484059381844731
A_chr_4_group5_pos_583117 1 324 3942 4205 0 0 0.00357080437895409 0.483859089235301
A_chr_4_group5_pos_836000 1 310 3958 4203 0 0 0.006687265854821 0.484989584609729
A_chr_4_group5_pos_983354 1 247 3980 4244 0 0 0.00360118150977614 0.483949416342412
X_chr_XL_group1a_pos_1177129 X 447 2420 2407 1581 1616 0.81132094861683 0.501346592086182
X_chr_XL_group1a_pos_1515999 X 1623 2446 1054 1658 1690 0 0.698857142857143
X_chr_XL_group1a_pos_1589621 X 398 2439 2416 1596 1622 0.852557945960817 0.502368692070031
X_chr_XL_group1a_pos_1993662 X 374 2433 2407 1622 1635 0.908664962276575 0.502685950413223
X_chr_XL_group1a_pos_2073288 X 633 2413 2362 1520 1543 0.698577419669262 0.505340314136126
X_chr_XL_group1a_pos_2431540 X 310 2440 2416 1650 1655 0.938858765328026 0.502471169686985
X_chr_XL_group1a_pos_2589140 X 728 2208 2273 1595 1667 0.281946065155472 0.492747154652979
X_chr_XL_group1a_pos_2926945 X 428 2422 2425 1527 1669 0.0426172311846169 0.499690530224881
X_chr_XL_group1a_pos_2998356 X 563 2408 2407 1462 1631 0.00988099250660723 0.500103842159917
X_chr_XL_group1a_pos_3386551 X 433 2390 2414 1601 1633 0.803910033870257 0.497502081598668
X_chr_XL_group1a_pos_3830880 X 527 2294 2323 1635 1692 0.560260074531275 0.496859432531947
X_chr_XL_group1a_pos_4336505 X 1698 2422 1109 1615 1627 0 0.685924667233078
X_chr_XL_group1a_pos_5788661 X 607 2383 2338 1545 1598 0.516162662679924 0.504765939419614
X_chr_XL_group1a_pos_5837005 X 1350 2344 1675 1398 1704 0 0.583229659119184
X_chr_XL_group1a_pos_6203408 X 510 2400 2260 1619 1682 0.0669247950469612 0.515021459227468
X_chr_XL_group1a_pos_6330087 X 1335 2297 2281 1263 1295 0.796031771537807 0.50174748798602
X_chr_XL_group1a_pos_6745254 X 674 2397 2376 1487 1537 0.631563272321555 0.502199874292898
X_chr_XL_group1a_pos_7321649 X 397 2368 2386 1627 1693 0.501525581211167 0.498106857383256
X_chr_XL_group1a_pos_769767 X 2429 1972 2144 813 1113 1.95965466076586e-12 0.47910592808552
X_chr_XL_group1a_pos_7998150 X 1278 2250 2013 1335 1595 1.34565159015665e-08 0.527797325826882
X_chr_XL_group1a_pos_8211556 X 1535 2264 1513 1478 1681 0 0.59941752713794
X_chr_XL_group1a_pos_8262942 X 8360 34 38 14 25 0.189684490695259 0.472222222222222
X_chr_XL_group1a_pos_8486950 X 1782 2265 2244 1103 1077 0.815504721556957 0.502328675981371
X_chr_XL_group1a_pos_9064336 X 259 2446 2420 1655 1691 0.768645313583039 0.502671598849157
X_chr_XL_group1e_pos_10203771 X 340 2554 2272 1680 1625 0.000167126196192302 0.529216742644012
X_chr_XL_group1e_pos_10372397 X 493 2445 2377 1579 1577 0.618719775777866 0.507051016175861
X_chr_XL_group1e_pos_10729320 X 574 2409 2354 1572 1562 0.716407589164702 0.505773672055427
X_chr_XL_group1e_pos_10924866 X 1970 2464 701 1665 1671 0 0.778515007898894
X_chr_XL_group1e_pos_10947757 X 520 2458 2385 1485 1623 0.0269470331535637 0.507536650836259
X_chr_XL_group1e_pos_11117735 X 564 2432 2351 1563 1561 0.5033312304423 0.508467489023625
X_chr_XL_group1e_pos_11460425 X 1627 2213 2224 1133 1274 0.0158677742579695 0.498760423709714
X_chr_XL_group1e_pos_12087936 X 297 2476 2385 1647 1666 0.404031751400807 0.509360213947747
X_chr_XL_group1e_pos_12421527 X 5284 1162 387 799 839 0 0.750161394448031
X_chr_XL_group1e_pos_132033 X 576 2415 2300 1524 1656 0.0158900577210674 0.51219512195122
X_chr_XL_group1e_pos_2107122 X 4128 1252 850 728 1513 0 0.595623215984776
X_chr_XL_group1e_pos_3067044 X 489 2404 2380 1625 1573 0.616951480125902 0.502508361204013
X_chr_XL_group1e_pos_3082727 X 2183 2269 1747 1219 1053 0 0.564990039840637
X_chr_XL_group1e_pos_3257026 X 671 2116 2376 1561 1747 2.89180566359626e-06 0.471059661620659
X_chr_XL_group1e_pos_3392942 X 540 2399 2387 1600 1545 0.608982360403389 0.501253656498119
X_chr_XL_group1e_pos_3541185 X 393 2439 2396 1657 1586 0.379681557102207 0.504446742502585
X_chr_XL_group1e_pos_3621455 X 529 2418 2389 1548 1587 0.71888036301505 0.503016434366549
X_chr_XL_group1e_pos_3721903 X 729 2412 2364 1489 1477 0.766836899039882 0.505025125628141
X_chr_XL_group1e_pos_4407526 X 6372 582 831 217 469 0 0.411889596602972
X_chr_XL_group1e_pos_4533561 X 282 2457 2408 1672 1652 0.735701317194812 0.505035971223022
X_chr_XL_group1e_pos_4792842 X 472 2401 2385 1604 1609 0.969829382751214 0.501671541997493
X_chr_XL_group1e_pos_5164211 X 666 2415 2375 1513 1502 0.829376596652292 0.504175365344468
X_chr_XL_group1e_pos_523492 X 585 2408 2421 1541 1516 0.887166280877478 0.498653965624353
X_chr_XL_group1e_pos_5453064 X 521 2392 2377 1578 1603 0.885299389082248 0.501572656741455
X_chr_XL_group1e_pos_5518352 X 427 2445 2415 1518 1666 0.0292378526653471 0.503086419753086
X_chr_XL_group1e_pos_5870229 X 4051 2453 1463 264 240 0 0.626404494382023
X_chr_XL_group1e_pos_597344 X 886 2347 2356 1451 1431 0.924957232974107 0.499043163937912
X_chr_XL_group1e_pos_6651404 X 1711 1795 2307 1232 1426 0 0.437591418820088
X_chr_XL_group1e_pos_7064992 X 449 2438 2409 1533 1642 0.141171711755053 0.50299154115948
X_chr_XL_group1e_pos_7094983 X 624 2377 2375 1474 1621 0.0304589919689295 0.500210437710438
X_chr_XL_group1e_pos_7320427 X 644 2435 2396 1500 1496 0.85206620411162 0.504036431380667
X_chr_XL_group1e_pos_7510298 X 271 2448 2417 1673 1662 0.889667367533457 0.503186022610483
X_chr_XL_group1e_pos_7659234 X 1068 2178 2151 1518 1556 0.726822697437187 0.503118503118503
X_chr_XL_group1e_pos_7705255 X 4372 1584 347 1104 1064 0 0.820300362506473
X_chr_XL_group1e_pos_7865992 X 1149 2374 2245 1371 1332 0.124591115089235 0.51396406148517
X_chr_XL_group1e_pos_8444803 X 592 2403 2381 1563 1532 0.813966809681327 0.502299331103679
X_chr_XL_group1e_pos_8758456 X 475 2447 2411 1487 1651 0.0120472313164796 0.50370522848909
X_chr_XL_group1e_pos_9197367 X 2322 2071 2018 1079 981 0.0689378106841749 0.506480802152115
X_chr_XL_group1e_pos_9586208 X 368 2465 2373 1654 1611 0.314146356072947 0.509508061182307
X_chr_XL_group1e_pos_9801762 X 336 2470 2378 1655 1632 0.385426098996667 0.509488448844885
X_chr_XL_group3a_pos_1037457 X 386 2437 2418 1584 1646 0.531408310730356 0.501956745623069
X_chr_XL_group3a_pos_2237891 X 291 2421 2436 1645 1678 0.829426811236691 0.49845583693638
X_chr_XL_group3a_pos_337680 X 509 2780 1975 1871 1336 0 0.584647739221872
X_chr_XL_group3a_pos_355920 X 4767 1505 957 705 537 0 0.611291632818846
X_chr_XL_group3a_pos_468879 X 288 2845 2018 1936 1384 0 0.5850298169854
X_chr_XL_group3a_pos_483861 X 1029 2698 1869 1597 1278 0 0.59075979855485
X_chr_XL_group3b_pos_319934 X 1216 2265 2277 1338 1375 0.764788640412628 0.498678996036988
X_chr_XR_group3a_pos_1161052 X 394 2415 2424 1680 1558 0.0995891753302112 0.499070055796652
X_chr_XR_group3a_pos_193729 X 358 2421 2426 1681 1585 0.243295360480881 0.499484217041469
X_chr_XR_group3a_pos_600596 X 6948 684 532 232 75 0 0.5625
X_chr_XR_group5_pos_218125 X 252 2434 2431 1717 1637 0.384808431394918 0.500308324768756
X_chr_XR_group6_pos_1029429 X 1813 1789 1800 1381 1688 2.10904862796291e-07 0.498467539704653
X_chr_XR_group6_pos_10912837 X 2429 1653 2284 579 1526 0 0.419862839725679
X_chr_XR_group6_pos_11096482 X 648 2402 2083 1708 1630 4.75688633883031e-06 0.535562987736901
X_chr_XR_group6_pos_11840006 X 332 2405 2438 1672 1624 0.630057070945555 0.496593020854842
X_chr_XR_group6_pos_124208 X 634 2430 2431 1294 1682 1.03594910427773e-11 0.499897140506069
X_chr_XR_group6_pos_1247210 X 920 2327 2321 1437 1466 0.861807984956676 0.500645438898451
X_chr_XR_group6_pos_12502026 X 572 2407 2436 1443 1613 0.00810536177578514 0.497005988023952
X_chr_XR_group6_pos_1533948 X 290 2439 2423 1650 1669 0.922460737342723 0.501645413410119
X_chr_XR_group6_pos_1635961 X 4693 1395 1239 616 528 0.00033405484835547 0.529612756264237
X_chr_XR_group6_pos_1755958 X 2294 2408 556 1586 1627 0 0.812415654520918
X_chr_XR_group6_pos_2701178 X 288 2442 2420 1644 1677 0.807566079348784 0.502262443438914
X_chr_XR_group6_pos_2932016 X 2308 2408 434 1637 1684 0 0.847290640394089
X_chr_XR_group6_pos_3078856 X 1357 2213 1863 1460 1578 3.01034371874564e-08 0.542934249263984
X_chr_XR_group6_pos_3292783 X 8217 6 96 64 88 0 0.0588235294117647
X_chr_XR_group6_pos_3489468 X 1465 2231 2291 1188 1296 0.064191784396167 0.493365767359575
X_chr_XR_group6_pos_4059679 X 998 2142 2187 1471 1673 0.00120283563026147 0.494802494802495
X_chr_XR_group6_pos_4706082 X 2652 2000 1923 946 950 0.467717363745959 0.509813917919959
X_chr_XR_group6_pos_5025514 X 341 2432 2414 1610 1674 0.518373448959525 0.501857201815931
X_chr_XR_group6_pos_5233008 X 414 2434 2416 1606 1601 0.963387282434189 0.501855670103093
X_chr_XR_group6_pos_5623314 X 1949 2439 2426 1655 2 0 0.501336073997945
X_chr_XR_group6_pos_5846226 X 251 2440 2426 1659 1695 0.807879882438005 0.501438553226469
X_chr_XR_group6_pos_6155602 X 312 2410 2446 1634 1669 0.726962311314865 0.496293245469522
X_chr_XR_group6_pos_7068320 X 439 2428 2391 1604 1609 0.864216154647757 0.503838970740818
X_chr_XR_group6_pos_745918 X 255 2442 2424 1670 1680 0.952926403015091 0.501849568434032
X_chr_XR_group6_pos_751551 X 911 2382 2364 1374 1440 0.44569464477787 0.501896333754741
X_chr_XR_group6_pos_7564079 X 671 2374 2146 1641 1639 0.0031794335277886 0.525221238938053
X_chr_XR_group6_pos_7835301 X 329 2432 2420 1659 1631 0.874600404313004 0.50123660346249
X_chr_XR_group6_pos_8102802 X 564 2108 2651 1513 1635 3.33066907387547e-15 0.442950199621769
X_chr_XR_group6_pos_8468808 X 4737 1443 1352 512 427 0.00485098647594773 0.516279069767442
X_chr_XR_group6_pos_9152069 X 1203 2416 1771 1433 1648 0 0.577024122283258
X_chr_XR_group6_pos_9723020 X 359 2440 2399 1670 1603 0.423392679873765 0.504236412481918
X_chr_XR_group6_pos_9898778 X 1250 2353 2326 1297 1245 0.543478063686044 0.502885231887155
X_chr_XR_group6_pos_9979008 X 3164 2102 70 1508 1627 0 0.967771639042357
X_chr_XR_group8_pos_115366 X 361 2391 2434 1642 1643 0.825506266397464 0.495544041450777
X_chr_XR_group8_pos_1633767 X 327 2398 2460 1667 1619 0.474158191883529 0.493618773157678
X_chr_XR_group8_pos_2175542 X 1661 2191 2276 1208 1135 0.14285494299607 0.490485784642937
X_chr_XR_group8_pos_2450431 X 3791 1420 1732 600 928 0 0.450507614213198
X_chr_XR_group8_pos_2677240 X 247 2406 2460 1709 1649 0.433586727428375 0.494451294697904
X_chr_XR_group8_pos_3007165 X 2172 2408 588 1686 1617 0 0.803738317757009
X_chr_XR_group8_pos_3115919 X 519 2421 2441 1474 1616 0.0367389232553311 0.497943233237351
X_chr_XR_group8_pos_3499637 X 8444 15 10 2 0 0.22313016014843 0.6
X_chr_XR_group8_pos_3963841 X 902 2352 2375 1447 1395 0.587619015285599 0.497567167336577
X_chr_XR_group8_pos_5562316 X 1422 2012 2337 1170 1530 2.22044604925031e-16 0.462635088526098
X_chr_XR_group8_pos_6087996 X 2137 1014 2469 919 1932 0 0.291128337639966
X_chr_XR_group8_pos_6098158 X 2679 2368 170 1657 1597 0 0.933018124507486
X_chr_XR_group8_pos_6879187 X 390 2414 2429 1637 1601 0.79983250954095 0.498451373115837
X_chr_XR_group8_pos_7011729 X 297 2428 2429 1693 1624 0.487839163532543 0.499897055795759
X_chr_XR_group8_pos_7169827 X 8088 165 147 28 43 0.121999563578061 0.528846153846154
X_chr_XR_group8_pos_7349432 X 522 2407 2430 1574 1538 0.768811951633536 0.497622493280959
X_chr_XR_group8_pos_7712803 X 7188 703 191 190 199 0 0.786353467561521
X_chr_XR_group8_pos_8158494 X 5281 417 705 1042 1026 1.11022302462516e-16 0.371657754010695
X_chr_XR_group8_pos_8238685 X 309 2419 2440 1694 1609 0.320112621704571 0.497839061535295
X_chr_XR_group8_pos_8564440 X 507 2398 2407 1622 1537 0.316008297418718 0.499063475546306
X_chr_XR_group8_pos_896364 X 260 2417 2448 1700 1646 0.585955826836891 0.496813977389517
X_chr_XR_group8_pos_8969710 X 322 2427 2434 1695 1593 0.204506216889482 0.499279983542481
X_chr_XR_group8_pos_9139795 X 394 2403 2420 1674 1580 0.249655280982468 0.498237611445159
