CHROM set_id pair_rank pair_id pos_snp_1 pos_snp_2 A C T G n_dash n_dash_core AMBIG AMBIG_core fasta_file bam_plot_file
2 set1 1 2_558 10278828 10278847 135 138 121 136 21 12 11 7 all_2_558_10278548_10279107.fasta 2_558.jpg
XL_group1e set1 2 XL_group1e_512 10372376 10372397 76 155 135 175 3 3 18 9 all_XL_group1e_512_10372096_10372655.fasta XL_group1e_512.jpg
4_group1 set1 3 4_group1_158 4321162 4321205 133 106 81 119 117 13 6 5 all_4_group1_158_4320882_4321441.fasta 4_group1_158.jpg
XR_group3a set1 4 XR_group3a_2 193729 193755 140 119 138 126 33 4 6 2 all_XR_group3a_2_193449_194008.fasta XR_group3a_2.jpg
2 set1 5 2_1029 18807141 18807164 170 87 145 112 37 14 11 6 all_2_1029_18806861_18807420.fasta 2_1029.jpg
4_group4 set1 6 4_group4_151 3005305 3005336 95 133 154 120 45 11 15 6 all_4_group4_151_3005025_3005584.fasta 4_group4_151.jpg
XL_group1e set1 7 XL_group1e_217 4792842 4792851 153 84 93 112 109 22 11 6 all_XL_group1e_217_4792562_4793121.fasta XL_group1e_217.jpg
3 set1 8 3_32 3318994 3319000 138 112 137 121 48 6 6 3 all_3_32_3318714_3319273.fasta 3_32.jpg
2 set1 9 2_1362 26327536 26327562 134 116 170 126 6 4 10 5 all_2_1362_26327256_26327815.fasta 2_1362.jpg
XR_group5 set1 10 XR_group5_1 218107 218125 173 134 114 92 43 8 6 2 all_XR_group5_1_217827_218386.fasta XR_group5_1.jpg
2 set1 11 2_862 15342124 15342156 119 143 116 149 30 2 5 2 all_2_862_15341844_15342403.fasta 2_862.jpg
3 set1 12 3_95 5465473 5465514 90 170 142 142 0 0 18 7 all_3_95_5465193_5465752.fasta 3_95.jpg
2 set1 13 2_95 2502582 2502609 156 110 94 142 50 22 10 2 all_2_95_2502302_2502861.fasta 2_95.jpg
XL_group1a set1 14 XL_group1a_6 882413 882424 112 149 124 133 32 24 12 8 all_XL_group1a_6_882133_882692.fasta XL_group1a_6.jpg
XL_group1a set1 15 XL_group1a_33 2073259 2073288 61 108 211 145 25 0 12 7 all_XL_group1a_33_2072979_2073538.fasta XL_group1a_33.jpg
XR_group8 set1 16 XR_group8_55 3499637 3499669 120 108 182 97 37 17 18 7 all_XR_group8_55_3499357_3499916.fasta XR_group8_55.jpg
XR_group8 set1 17 XR_group8_111 6879182 6879187 109 116 148 114 75 24 0 0 all_XR_group8_111_6878902_6879461.fasta XR_group8_111.jpg
XR_group8 set1 18 XR_group8_46 3007165 3007177 130 84 138 87 113 18 10 9 all_XR_group8_46_3006885_3007444.fasta XR_group8_46.jpg
2 set1 19 2_808 14271998 14272003 203 79 122 137 14 9 7 3 all_2_808_14271718_14272277.fasta 2_808.jpg
XR_group8 set1 20 XR_group8_134 7712803 7712826 124 129 109 140 56 21 4 4 all_XR_group8_134_7712523_7713082.fasta XR_group8_134.jpg
2 set1 21 2_157 3925898 3925946 93 185 103 147 23 23 10 5 all_2_157_3925618_3926177.fasta 2_157.jpg
2 set1 22 2_1328 25570239 25570265 134 115 145 137 12 0 19 8 all_2_1328_25569959_25570518.fasta 2_1328.jpg
XR_group6 set1 23 XR_group6_138 7703134 7703182 177 113 156 97 8 8 11 5 all_XR_group6_138_7702854_7703413.fasta XR_group6_138.jpg
XL_group1e set1 24 XL_group1e_558 11595114 11595141 104 192 68 180 11 0 7 5 all_XL_group1e_558_11594834_11595393.fasta XL_group1e_558.jpg
2 set1 25 2_931 16553375 16553396 181 98 145 93 39 19 6 4 all_2_931_16553095_16553654.fasta 2_931.jpg
3 set1 26 3_188 13505563 13505612 138 184 80 133 18 0 9 6 all_3_188_13505283_13505842.fasta 3_188.jpg
2 set1 27 2_715 12441984 12442021 167 83 117 114 70 23 11 6 all_2_715_12441704_12442263.fasta 2_715.jpg
XR_group8 set1 28 XR_group8_79 5562305 5562316 72 178 149 144 10 10 9 8 all_XR_group8_79_5562025_5562584.fasta XR_group8_79.jpg
2 set1 29 2_1251 23569553 23569601 183 108 120 126 17 6 8 4 all_2_1251_23569273_23569832.fasta 2_1251.jpg
2 set1 30 2_954 16711664 16711703 101 118 154 173 0 0 16 9 all_2_954_16711384_16711943.fasta 2_954.jpg
2 set1 31 2_797 13975302 13975330 119 150 119 107 62 2 5 4 all_2_797_13975022_13975581.fasta 2_797.jpg
3 set1 32 3_228 18712809 18712831 104 124 158 144 19 11 13 7 all_3_228_18712529_18713088.fasta 3_228.jpg
XL_group1e set1 33 XL_group1e_165 3721879 3721903 91 152 155 145 0 0 19 7 all_XL_group1e_165_3721599_3722158.fasta XL_group1e_165.jpg
4_group3 set1 34 4_group3_441 11651250 11651267 103 140 144 157 4 4 14 7 all_4_group3_441_11650970_11651529.fasta 4_group3_441.jpg
XL_group1e set1 35 XL_group1e_489 9801762 9801807 134 99 123 95 95 6 16 8 all_XL_group1e_489_9801482_9802041.fasta XL_group1e_489.jpg
XR_group6 set1 36 XR_group6_31 1635961 1635999 198 86 110 105 51 1 12 6 all_XR_group6_31_1635681_1636240.fasta XR_group6_31.jpg
XR_group6 set1 37 XR_group6_189 10185697 10185713 119 179 100 125 20 6 19 9 all_XR_group6_189_10185417_10185976.fasta XR_group6_189.jpg
4_group5 set1 38 4_group5_11 516084 516111 127 101 177 111 37 10 9 5 all_4_group5_11_515804_516363.fasta 4_group5_11.jpg
XL_group1e set1 39 XL_group1e_158 3541185 3541199 166 119 113 83 75 16 6 6 all_XL_group1e_158_3540905_3541464.fasta XL_group1e_158.jpg
3 set1 40 3_84 4841440 4841447 91 111 124 106 120 4 10 8 all_3_84_4841160_4841719.fasta 3_84.jpg
2 set1 41 2_666 11539139 11539145 122 110 126 146 52 2 6 4 all_2_666_11538859_11539418.fasta 2_666.jpg
3 set1 42 3_208 16887907 16887911 119 123 120 142 49 12 9 9 all_3_208_16887627_16888186.fasta 3_208.jpg
3 set1 43 3_141 9242771 9242797 147 127 106 107 67 14 8 8 all_3_141_9242491_9243050.fasta 3_141.jpg
2 set1 44 2_243 5114287 5114301 132 133 135 125 26 16 11 4 all_2_243_5114007_5114566.fasta 2_243.jpg
2 set1 45 2_774 13583132 13583139 175 82 155 114 19 14 17 9 all_2_774_13582852_13583411.fasta 2_774.jpg
4_group4 set1 46 4_group4_160 3371246 3371258 138 110 155 127 24 21 8 6 all_4_group4_160_3370966_3371525.fasta 4_group4_160.jpg
XL_group1a set1 47 XL_group1a_45 2431519 2431540 96 120 152 128 61 6 5 3 all_XL_group1a_45_2431239_2431798.fasta XL_group1a_45.jpg
4_group3 set1 48 4_group3_422 11088952 11088978 125 145 156 120 11 7 5 4 all_4_group3_422_11088672_11089231.fasta 4_group3_422.jpg
2 set1 49 2_26 1105612 1105614 125 117 161 125 24 24 10 7 all_2_26_1105332_1105891.fasta 2_26.jpg
XL_group1e set1 50 XL_group1e_253 5518317 5518352 134 155 111 150 5 2 7 2 all_XL_group1e_253_5518037_5518596.fasta XL_group1e_253.jpg
XL_group1a set1 51 XL_group1a_116 6030836 6030867 128 163 102 154 1 1 14 8 all_XL_group1a_116_6030556_6031115.fasta XL_group1a_116.jpg
2 set1 52 2_18 968549 968567 139 143 133 138 0 0 9 3 all_2_18_968269_968828.fasta 2_18.jpg
3 set1 53 3_195 14459539 14459545 111 124 184 118 18 13 7 5 all_3_195_14459259_14459818.fasta 3_195.jpg
4_group3 set1 54 4_group3_33 881512 881553 180 136 130 89 20 8 7 6 all_4_group3_33_881232_881791.fasta 4_group3_33.jpg
XL_group3a set1 55 XL_group3a_24 1037457 1037472 96 155 91 160 51 20 9 3 all_XL_group3a_24_1037177_1037736.fasta XL_group3a_24.jpg
2 set1 56 2_1077 20020809 20020834 134 126 149 133 9 0 11 9 all_2_1077_20020529_20021088.fasta 2_1077.jpg
4_group4 set1 57 4_group4_207 5544816 5544834 172 101 163 103 17 17 6 5 all_4_group4_207_5544536_5545095.fasta 4_group4_207.jpg
2 set1 58 2_1407 27830554 27830568 161 125 108 151 6 0 11 4 all_2_1407_27830274_27830833.fasta 2_1407.jpg
XR_group6 set1 59 XR_group6_167 9444596 9444603 132 101 139 156 27 21 7 6 all_XR_group6_167_9444316_9444875.fasta XR_group6_167.jpg
2 set1 60 2_601 10861651 10861700 142 128 122 143 6 2 21 8 all_2_601_10861371_10861930.fasta 2_601.jpg
XR_group6 set1 61 XR_group6_203 11096482 11096502 168 109 110 98 64 13 13 5 all_XR_group6_203_11096202_11096761.fasta XR_group6_203.jpg
XR_group6 set1 62 XR_group6_4 198040 198046 148 129 152 114 19 0 0 0 all_XR_group6_4_197760_198319.fasta XR_group6_4.jpg
2 set1 63 2_107 3010035 3010066 174 87 154 94 44 2 9 5 all_2_107_3009755_3010314.fasta 2_107.jpg
XR_group6 set1 64 XR_group6_25 1247210 1247258 124 118 114 126 70 2 10 7 all_XR_group6_25_1246930_1247489.fasta XR_group6_25.jpg
XR_group6 set1 65 XR_group6_195 10615371 10615414 139 104 117 171 17 9 14 8 all_XR_group6_195_10615091_10615650.fasta XR_group6_195.jpg
2 set1 66 2_816 14646076 14646112 140 132 141 124 13 13 12 6 all_2_816_14645796_14646355.fasta 2_816.jpg
XR_group8 set1 67 XR_group8_35 2450431 2450455 173 111 142 80 38 16 18 9 all_XR_group8_35_2450151_2450710.fasta XR_group8_35.jpg
4_group5 set1 68 4_group5_49 1611114 1611146 117 129 149 89 57 11 21 5 all_4_group5_49_1610834_1611393.fasta 4_group5_49.jpg
2 set1 69 2_1316 25069338 25069343 120 124 123 127 58 11 10 5 all_2_1316_25069058_25069617.fasta 2_1316.jpg
4_group1 set1 70 4_group1_35 844016 844042 177 88 160 101 32 6 4 3 all_4_group1_35_843736_844295.fasta 4_group1_35.jpg
XL_group1a set1 71 XL_group1a_25 1515974 1515999 119 168 151 114 0 0 10 4 all_XL_group1a_25_1515694_1516253.fasta XL_group1a_25.jpg
2 set1 72 2_703 12096502 12096536 110 111 121 101 99 10 20 6 all_2_703_12096222_12096781.fasta 2_703.jpg
4_group3 set1 73 4_group3_93 1902538 1902571 112 149 132 159 0 0 10 5 all_4_group3_93_1902258_1902817.fasta 4_group3_93.jpg
2 set1 74 2_1024 18490885 18490892 174 105 124 144 6 4 9 4 all_2_1024_18490605_18491164.fasta 2_1024.jpg
XL_group1e set1 75 XL_group1e_50 795135 795177 154 122 96 146 30 13 14 7 all_XL_group1e_50_794855_795414.fasta XL_group1e_50.jpg
4_group2 set1 76 4_group2_12 452786 452792 138 142 121 151 0 0 10 5 all_4_group2_12_452506_453065.fasta 4_group2_12.jpg
2 set1 77 2_481 9022686 9022698 107 120 164 152 2 0 17 9 all_2_481_9022406_9022965.fasta 2_481.jpg
XL_group3a set1 78 XL_group3a_1 337680 337701 185 114 116 115 25 9 7 5 all_XL_group3a_1_337400_337959.fasta XL_group3a_1.jpg
3 set1 79 3_114 6002042 6002091 120 115 158 126 31 11 11 8 all_3_114_6001762_6002321.fasta 3_114.jpg
2 set1 80 2_300 5840331 5840379 107 177 101 135 16 4 26 7 all_2_300_5840051_5840610.fasta 2_300.jpg
XR_group6 set1 81 XR_group6_101 6155569 6155602 142 124 147 119 23 0 7 1 all_XR_group6_101_6155289_6155848.fasta XR_group6_101.jpg
XL_group3a set1 82 XL_group3a_11 801806 801840 141 107 182 86 42 24 4 3 all_XL_group3a_11_801526_802085.fasta XL_group3a_11.jpg
2 set1 83 2_130 3369095 3369133 130 196 76 125 16 14 19 5 all_2_130_3368815_3369374.fasta 2_130.jpg
2 set1 84 2_1226 23197733 23197777 113 104 174 156 8 8 7 4 all_2_1226_23197453_23198012.fasta 2_1226.jpg
3 set1 85 3_154 10696062 10696105 162 159 106 102 19 17 14 7 all_3_154_10695782_10696341.fasta 3_154.jpg
4_group4 set1 86 4_group4_193 5264043 5264088 143 117 165 101 20 2 16 6 all_4_group4_193_5263763_5264322.fasta 4_group4_193.jpg
4_group3 set1 87 4_group3_434 11519000 11519016 125 106 115 122 65 18 29 9 all_4_group3_434_11518720_11519279.fasta 4_group3_434.jpg
XL_group1e set1 88 XL_group1e_246 5453064 5453082 162 144 98 118 27 15 13 2 all_XL_group1e_246_5452784_5453343.fasta XL_group1e_246.jpg
2 set1 89 2_1436 29446267 29446271 143 139 123 132 17 0 8 7 all_2_1436_29445987_29446546.fasta 2_1436.jpg
XL_group1e set1 90 XL_group1e_435 8758456 8758469 99 89 146 106 112 3 10 4 all_XL_group1e_435_8758176_8758735.fasta XL_group1e_435.jpg
4_group1 set1 91 4_group1_29 763852 763885 99 164 104 161 15 5 19 7 all_4_group1_29_763572_764131.fasta 4_group1_29.jpg
3 set1 92 3_187 13048410 13048413 131 144 129 144 4 0 10 6 all_3_187_13048130_13048689.fasta 3_187.jpg
3 set1 93 3_136 8538401 8538420 140 117 171 108 12 8 14 6 all_3_136_8538121_8538680.fasta 3_136.jpg
XL_group3a set1 94 XL_group3a_2 355920 355935 118 143 124 153 17 17 7 5 all_XL_group3a_2_355640_356199.fasta XL_group3a_2.jpg
XR_group8 set1 95 XR_group8_123 7169825 7169827 112 93 146 130 76 18 5 4 all_XR_group8_123_7169545_7170104.fasta XR_group8_123.jpg
4_group1 set1 96 4_group1_148 4134303 4134313 165 145 134 113 1 1 4 2 all_4_group1_148_4134023_4134582.fasta 4_group1_148.jpg
3 set1 97 3_145 9766843 9766866 114 167 128 143 0 0 10 6 all_3_145_9766563_9767122.fasta 3_145.jpg
XL_group1e set1 98 XL_group1e_365 7320427 7320461 126 123 168 111 19 7 14 4 all_XL_group1e_365_7320147_7320706.fasta XL_group1e_365.jpg
2 set1 99 2_1022 18483450 18483467 147 106 161 120 21 21 7 5 all_2_1022_18483170_18483729.fasta 2_1022.jpg
2 set1 100 2_844 15176087 15176091 116 79 121 99 144 18 3 3 all_2_844_15175807_15176366.fasta 2_844.jpg
3 set1 101 3_137 8817970 8817993 130 156 110 147 10 10 9 6 all_3_137_8817690_8818249.fasta 3_137.jpg
3 set1 102 3_121 6713118 6713130 112 113 186 105 39 15 7 5 all_3_121_6712838_6713397.fasta 3_121.jpg
4_group5 set1 103 4_group5_16 583117 583134 163 90 171 118 12 12 8 5 all_4_group5_16_582837_583396.fasta 4_group5_16.jpg
XR_group6 set1 104 XR_group6_23 1163742 1163750 116 143 138 145 6 2 14 9 all_XR_group6_23_1163462_1164021.fasta XR_group6_23.jpg
XR_group6 set1 105 XR_group6_119 7129028 7129041 102 103 122 112 120 19 3 3 all_XR_group6_119_7128748_7129307.fasta XR_group6_119.jpg
XR_group6 set1 106 XR_group6_150 8102779 8102802 147 139 80 139 36 24 20 7 all_XR_group6_150_8102499_8103058.fasta XR_group6_150.jpg
4_group4 set1 107 4_group4_216 6236353 6236369 163 141 129 88 30 9 11 9 all_4_group4_216_6236073_6236632.fasta 4_group4_216.jpg
4_group3 set1 108 4_group3_79 1675568 1675614 154 116 145 126 11 9 10 3 all_4_group3_79_1675288_1675847.fasta 4_group3_79.jpg
4_group3 set1 109 4_group3_298 7546656 7546679 149 144 111 148 0 0 10 7 all_4_group3_298_7546376_7546935.fasta 4_group3_298.jpg
XL_group1e set1 110 XL_group1e_598 12209919 12209952 112 149 109 170 4 4 18 7 all_XL_group1e_598_12209639_12210198.fasta XL_group1e_598.jpg
XL_group1a set1 111 XL_group1a_62 2589140 2589176 111 170 116 159 0 0 6 4 all_XL_group1a_62_2588860_2589419.fasta XL_group1a_62.jpg
XR_group6 set1 112 XR_group6_187 10110148 10110193 85 165 133 166 6 6 7 4 all_XR_group6_187_10109868_10110427.fasta XR_group6_187.jpg
XL_group1e set1 113 XL_group1e_588 12087907 12087936 83 117 120 120 110 20 12 6 all_XL_group1e_588_12087627_12088186.fasta XL_group1e_588.jpg
2 set1 114 2_756 13329178 13329211 168 118 106 146 10 8 14 8 all_2_756_13328898_13329457.fasta 2_756.jpg
2 set1 115 2_285 5725990 5726001 112 126 161 117 23 12 23 9 all_2_285_5725710_5726269.fasta 2_285.jpg
XR_group6 set1 116 XR_group6_218 12064174 12064183 74 185 118 169 0 0 16 4 all_XR_group6_218_12063894_12064453.fasta XR_group6_218.jpg
XL_group1e set1 117 XL_group1e_388 7705251 7705255 97 162 120 158 6 6 19 5 all_XL_group1e_388_7704971_7705530.fasta XL_group1e_388.jpg
2 set1 118 2_856 15315046 15315095 120 91 162 109 66 4 14 9 all_2_856_15314766_15315325.fasta 2_856.jpg
4_group4 set1 119 4_group4_35 1014807 1014849 138 151 103 154 0 0 16 4 all_4_group4_35_1014527_1015086.fasta 4_group4_35.jpg
XR_group8 set1 120 XR_group8_23 1633735 1633767 116 92 87 112 144 15 11 9 all_XR_group8_23_1633455_1634014.fasta XR_group8_23.jpg
3 set1 121 3_134 8313684 8313686 117 139 158 122 10 10 15 4 all_3_134_8313404_8313963.fasta 3_134.jpg
3 set1 122 3_11 2228572 2228605 113 113 166 105 56 17 9 6 all_3_11_2228292_2228851.fasta 3_11.jpg
4_group1 set1 123 4_group1_134 3883684 3883713 176 89 134 125 15 11 23 9 all_4_group1_134_3883404_3883963.fasta 4_group1_134.jpg
XR_group6 set1 124 XR_group6_34 2097458 2097491 88 125 140 197 11 0 1 1 all_XR_group6_34_2097178_2097737.fasta XR_group6_34.jpg
2 set1 125 2_235 4919283 4919304 163 121 148 118 0 0 12 7 all_2_235_4919003_4919562.fasta 2_235.jpg
4_group4 set1 126 4_group4_170 3722025 3722045 132 118 148 129 30 2 5 5 all_4_group4_170_3721745_3722304.fasta 4_group4_170.jpg
4_group3 set1 127 4_group3_143 3220490 3220511 107 136 106 182 0 0 31 9 all_4_group3_143_3220210_3220769.fasta 4_group3_143.jpg
4_group1 set1 128 4_group1_67 1524213 1524230 134 133 135 145 3 3 12 5 all_4_group1_67_1523933_1524492.fasta 4_group1_67.jpg
XL_group1e set1 129 XL_group1e_357 7094983 7095013 117 177 107 144 0 0 17 8 all_XL_group1e_357_7094703_7095262.fasta XL_group1e_357.jpg
2 set1 130 2_1433 28823630 28823652 125 113 156 101 56 23 11 8 all_2_1433_28823350_28823909.fasta 2_1433.jpg
2 set1 131 2_1296 24498083 24498121 90 104 107 117 132 11 11 6 all_2_1296_24497803_24498362.fasta 2_1296.jpg
4_group1 set1 132 4_group1_58 1378657 1378662 139 102 163 81 66 19 11 8 all_4_group1_58_1378377_1378936.fasta 4_group1_58.jpg
2 set1 133 2_1093 20604016 20604040 160 128 128 129 6 0 11 3 all_2_1093_20603736_20604295.fasta 2_1093.jpg
4_group2 set1 134 4_group2_2 280240 280284 135 110 125 166 7 7 19 7 all_4_group2_2_279960_280519.fasta 4_group2_2.jpg
XL_group1e set1 135 XL_group1e_228 5164211 5164241 127 139 109 167 2 2 18 4 all_XL_group1e_228_5163931_5164490.fasta XL_group1e_228.jpg
XL_group1a set1 136 XL_group1a_150 7033006 7033053 127 119 116 147 44 13 9 5 all_XL_group1a_150_7032726_7033285.fasta XL_group1a_150.jpg
2 set1 137 2_439 8249660 8249667 139 148 122 121 18 13 14 6 all_2_439_8249380_8249939.fasta 2_439.jpg
XL_group1a set1 138 XL_group1a_1 104863 104864 190 101 164 94 0 0 13 5 all_XL_group1a_1_104583_105142.fasta XL_group1a_1.jpg
2 set1 139 2_973 17298836 17298859 106 133 144 116 42 7 21 8 all_2_973_17298556_17299115.fasta 2_973.jpg
3 set1 140 3_173 11471909 11471931 109 132 126 124 59 11 12 9 all_3_173_11471629_11472188.fasta 3_173.jpg
2 set1 141 2_1421 28569027 28569055 136 117 161 125 10 0 13 7 all_2_1421_28568747_28569306.fasta 2_1421.jpg
2 set1 142 2_81 2250961 2250965 158 105 147 125 16 8 11 8 all_2_81_2250681_2251240.fasta 2_81.jpg
4_group4 set1 143 4_group4_116 2482490 2482491 116 115 122 139 47 1 23 9 all_4_group4_116_2482210_2482769.fasta 4_group4_116.jpg
XR_group6 set1 144 XR_group6_141 7835301 7835313 110 148 115 176 2 0 11 7 all_XR_group6_141_7835021_7835580.fasta XR_group6_141.jpg
XL_group1a set1 145 XL_group1a_26 1589621 1589622 109 131 142 167 0 0 13 6 all_XL_group1a_26_1589341_1589900.fasta XL_group1a_26.jpg
2 set1 146 2_1349 25992638 25992672 71 221 112 131 3 0 24 9 all_2_1349_25992358_25992917.fasta 2_1349.jpg
XR_group6 set1 147 XR_group6_128 7374024 7374061 112 116 159 114 52 10 9 6 all_XR_group6_128_7373744_7374303.fasta XR_group6_128.jpg
4_group3 set1 148 4_group3_344 8951654 8951655 90 119 138 113 91 20 11 5 all_4_group3_344_8951374_8951933.fasta 4_group3_344.jpg
4_group3 set1 149 4_group3_336 8643277 8643290 155 101 111 88 98 23 9 7 all_4_group3_336_8642997_8643556.fasta 4_group3_336.jpg
4_group4 set1 150 4_group4_10 328275 328276 143 120 127 119 38 4 15 5 all_4_group4_10_327995_328554.fasta 4_group4_10.jpg
2 set1 151 2_1004 17740709 17740750 111 109 113 115 94 17 20 8 all_2_1004_17740429_17740988.fasta 2_1004.jpg
4_group3 set1 152 4_group3_158 3561526 3561554 120 158 146 127 2 0 9 6 all_4_group3_158_3561246_3561805.fasta 4_group3_158.jpg
2 set1 153 2_522 9651511 9651554 130 101 120 130 67 18 14 7 all_2_522_9651231_9651790.fasta 2_522.jpg
4_group3 set1 154 4_group3_333 8575382 8575421 156 102 142 118 33 5 11 8 all_4_group3_333_8575102_8575661.fasta 4_group3_333.jpg
4_group4 set1 155 4_group4_215 6224997 6225009 143 134 138 110 28 24 9 7 all_4_group4_215_6224717_6225276.fasta 4_group4_215.jpg
4_group3 set1 156 4_group3_368 9614584 9614601 180 96 155 118 4 0 9 5 all_4_group3_368_9614304_9614863.fasta 4_group3_368.jpg
2 set1 157 2_984 17466981 17467001 135 107 171 99 34 23 16 9 all_2_984_17466701_17467260.fasta 2_984.jpg
XR_group6 set1 158 XR_group6_58 4059640 4059679 103 182 134 141 0 0 2 1 all_XR_group6_58_4059360_4059919.fasta XR_group6_58.jpg
2 set1 159 2_237 4945365 4945375 142 114 150 98 40 12 18 9 all_2_237_4945085_4945644.fasta 2_237.jpg
XR_group6 set1 160 XR_group6_21 1029405 1029429 121 132 164 136 2 2 7 6 all_XR_group6_21_1029125_1029684.fasta XR_group6_21.jpg
3 set1 161 3_211 17546545 17546573 105 140 163 125 24 0 5 4 all_3_211_17546265_17546824.fasta 3_211.jpg
3 set1 162 3_163 11070703 11070709 150 134 173 96 2 2 7 3 all_3_163_11070423_11070982.fasta 3_163.jpg
4_group5 set1 163 4_group5_20 983339 983354 137 116 153 120 25 23 11 6 all_4_group5_20_983059_983618.fasta 4_group5_20.jpg
XL_group3b set1 164 XL_group3b_1 319934 319965 137 122 157 133 10 10 3 3 all_XL_group3b_1_319654_320213.fasta XL_group3b_1.jpg
2 set1 165 2_72 2011861 2011893 117 141 159 127 0 0 18 8 all_2_72_2011581_2012140.fasta 2_72.jpg
XR_group6 set1 166 XR_group6_139 7735110 7735156 115 146 159 131 2 0 9 3 all_XR_group6_139_7734830_7735389.fasta XR_group6_139.jpg
2 set1 167 2_345 6552745 6552776 143 124 152 119 8 2 16 8 all_2_345_6552465_6553024.fasta 2_345.jpg
XL_group1e set1 168 XL_group1e_197 4509821 4509842 154 81 182 108 27 9 10 4 all_XL_group1e_197_4509541_4510100.fasta XL_group1e_197.jpg
XL_group3a set1 169 XL_group3a_6 483812 483861 96 193 86 176 0 0 11 3 all_XL_group3a_6_483532_484091.fasta XL_group3a_6.jpg
XR_group8 set1 170 XR_group8_162 8969704 8969710 158 123 106 137 24 16 14 4 all_XR_group8_162_8969424_8969983.fasta XR_group8_162.jpg
XL_group1e set1 171 XL_group1e_274 5870229 5870245 149 106 167 91 34 10 15 7 all_XL_group1e_274_5869949_5870508.fasta XL_group1e_274.jpg
XR_group6 set1 172 XR_group6_3 124208 124230 163 138 133 107 10 0 11 3 all_XR_group6_3_123928_124487.fasta XR_group6_3.jpg
2 set1 173 2_1320 25311257 25311277 119 162 150 106 10 4 15 9 all_2_1320_25310977_25311536.fasta 2_1320.jpg
4_group3 set1 174 4_group3_210 5136829 5136860 116 131 157 139 0 0 19 8 all_4_group3_210_5136549_5137108.fasta 4_group3_210.jpg
2 set1 175 2_141 3508480 3508525 121 116 147 112 55 12 11 8 all_2_141_3508200_3508759.fasta 2_141.jpg
2 set1 176 2_189 4355611 4355617 133 120 139 104 53 2 13 9 all_2_189_4355331_4355890.fasta 2_189.jpg
2 set1 177 2_1268 23777773 23777813 75 108 137 157 68 18 17 7 all_2_1268_23777493_23778052.fasta 2_1268.jpg
4_group3 set1 178 4_group3_17 523930 523947 80 203 109 154 0 0 16 9 all_4_group3_17_523650_524209.fasta 4_group3_17.jpg
4_group3 set1 179 4_group3_270 6706033 6706078 110 145 134 151 2 0 20 7 all_4_group3_270_6705753_6706312.fasta 4_group3_270.jpg
XL_group1e set1 180 XL_group1e_142 3082715 3082727 117 181 118 135 0 0 11 8 all_XL_group1e_142_3082435_3082994.fasta XL_group1e_142.jpg
XR_group8 set1 181 XR_group8_4 115366 115385 138 164 50 197 0 0 13 9 all_XR_group8_4_115086_115645.fasta XR_group8_4.jpg
XL_group1a set1 182 XL_group1a_73 3830837 3830880 134 96 164 100 60 21 8 8 all_XL_group1a_73_3830557_3831116.fasta XL_group1a_73.jpg
2 set1 183 2_568 10530394 10530425 144 110 196 88 16 2 8 6 all_2_568_10530114_10530673.fasta 2_568.jpg
2 set1 184 2_746 13214229 13214279 148 91 164 98 37 18 24 9 all_2_746_13213949_13214508.fasta 2_746.jpg
2 set1 185 2_892 16040619 16040643 103 108 128 123 95 6 5 5 all_2_892_16040339_16040898.fasta 2_892.jpg
4_group2 set1 186 4_group2_1 224991 225029 134 105 130 130 57 17 6 2 all_4_group2_1_224711_225270.fasta 4_group2_1.jpg
2 set1 187 2_89 2412761 2412799 117 142 117 107 67 23 12 7 all_2_89_2412481_2413040.fasta 2_89.jpg
2 set1 188 2_646 11265585 11265589 120 148 126 141 12 7 15 8 all_2_646_11265305_11265864.fasta 2_646.jpg
XL_group1e set1 189 XL_group1e_102 1946964 1946976 144 139 112 98 59 5 10 5 all_XL_group1e_102_1946684_1947243.fasta XL_group1e_102.jpg
4_group3 set1 190 4_group3_302 7758991 7758993 143 99 106 120 83 20 11 8 all_4_group3_302_7758711_7759270.fasta 4_group3_302.jpg
XL_group1e set1 191 XL_group1e_27 523492 523495 103 156 141 150 0 0 12 7 all_XL_group1e_27_523212_523771.fasta XL_group1e_27.jpg
XL_group1a set1 192 XL_group1a_222 8972763 8972764 164 118 121 94 53 19 12 2 all_XL_group1a_222_8972483_8973042.fasta XL_group1a_222.jpg
2 set1 193 2_269 5532598 5532637 113 145 128 157 2 1 17 7 all_2_269_5532318_5532877.fasta 2_269.jpg
XL_group1e set1 194 XL_group1e_520 10729320 10729328 176 102 146 93 25 5 20 9 all_XL_group1e_520_10729040_10729599.fasta XL_group1e_520.jpg
2 set1 195 2_782 13681365 13681404 143 111 113 111 66 15 18 9 all_2_782_13681085_13681644.fasta 2_782.jpg
4_group5 set1 196 4_group5_7 137482 137490 132 169 89 158 0 0 14 6 all_4_group5_7_137202_137761.fasta 4_group5_7.jpg
2 set1 197 2_738 13083868 13083878 103 148 114 127 66 0 4 2 all_2_738_13083588_13084147.fasta 2_738.jpg
2 set1 198 2_1105 20875276 20875304 87 118 142 139 62 0 14 5 all_2_1105_20874996_20875555.fasta 2_1105.jpg
4_group5 set1 199 4_group5_77 2383837 2383854 130 132 116 125 48 4 11 7 all_4_group5_77_2383557_2384116.fasta 4_group5_77.jpg
2 set1 200 2_1394 27323150 27323195 158 117 145 120 10 10 12 9 all_2_1394_27322870_27323429.fasta 2_1394.jpg
2 set1 201 2_390 7556678 7556706 121 136 153 143 0 0 9 4 all_2_390_7556398_7556957.fasta 2_390.jpg
3 set1 202 3_182 12324692 12324708 170 109 145 124 3 0 11 6 all_3_182_12324412_12324971.fasta 3_182.jpg
2 set1 203 2_1277 24072323 24072373 93 138 150 124 46 6 11 7 all_2_1277_24072043_24072602.fasta 2_1277.jpg
XR_group8 set1 204 XR_group8_145 8358026 8358040 104 133 126 149 37 11 13 6 all_XR_group8_145_8357746_8358305.fasta XR_group8_145.jpg
3 set1 205 3_63 4124412 4124425 145 134 146 113 18 9 6 4 all_3_63_4124132_4124691.fasta 3_63.jpg
XL_group1a set1 206 XL_group1a_4 769767 769814 151 110 102 133 51 18 15 7 all_XL_group1a_4_769487_770046.fasta XL_group1a_4.jpg
XL_group1e set1 207 XL_group1e_145 3257017 3257026 116 100 140 89 103 0 14 9 all_XL_group1e_145_3256737_3257296.fasta XL_group1e_145.jpg
2 set1 208 2_33 1281736 1281760 138 163 101 111 42 2 7 3 all_2_33_1281456_1282015.fasta 2_33.jpg
XR_group6 set1 209 XR_group6_55 3489468 3489507 99 198 95 153 8 0 9 5 all_XR_group6_55_3489188_3489747.fasta XR_group6_55.jpg
3 set1 210 3_3 1367413 1367460 143 130 111 109 59 22 10 4 all_3_3_1367133_1367692.fasta 3_3.jpg
XL_group1e set1 211 XL_group1e_192 4273863 4273881 117 120 125 97 81 9 21 8 all_XL_group1e_192_4273583_4274142.fasta XL_group1e_192.jpg
4_group4 set1 212 4_group4_211 5727902 5727909 142 134 153 113 11 11 9 6 all_4_group4_211_5727622_5728181.fasta 4_group4_211.jpg
XL_group1a set1 213 XL_group1a_200 8262942 8262956 121 115 125 148 33 2 20 6 all_XL_group1a_200_8262662_8263221.fasta XL_group1a_200.jpg
XL_group1e set1 214 XL_group1e_468 9586200 9586208 143 117 109 141 31 8 21 9 all_XL_group1e_468_9585920_9586479.fasta XL_group1e_468.jpg
3 set1 215 3_96 5467511 5467516 109 140 119 158 20 2 16 8 all_3_96_5467231_5467790.fasta 3_96.jpg
XR_group8 set1 216 XR_group8_40 2677239 2677240 113 133 151 111 44 6 10 5 all_XR_group8_40_2676959_2677518.fasta XR_group8_40.jpg
2 set1 217 2_450 8658420 8658440 177 103 100 113 63 10 6 4 all_2_450_8658140_8658699.fasta 2_450.jpg
XR_group6 set1 218 XR_group6_8 627357 627368 187 97 157 92 19 17 10 6 all_XR_group6_8_627077_627636.fasta XR_group6_8.jpg
4_group1 set1 219 4_group1_51 1109346 1109363 159 112 160 85 29 15 17 8 all_4_group1_51_1109066_1109625.fasta 4_group1_51.jpg
XR_group8 set1 220 XR_group8_10 896364 896397 103 168 101 176 3 3 11 8 all_XR_group8_10_896084_896643.fasta XR_group8_10.jpg
4_group3 set1 221 4_group3_420 11033523 11033572 149 114 132 124 21 8 22 8 all_4_group3_420_11033243_11033802.fasta 4_group3_420.jpg
4_group4 set1 222 4_group4_89 2087286 2087310 155 134 128 108 20 20 17 7 all_4_group4_89_2087006_2087565.fasta 4_group4_89.jpg
XL_group1e set1 223 XL_group1e_419 8324236 8324262 174 127 114 121 18 9 8 4 all_XL_group1e_419_8323956_8324515.fasta XL_group1e_419.jpg
4_group3 set1 224 4_group3_228 5619796 5619804 129 150 100 172 0 0 11 4 all_4_group3_228_5619516_5620075.fasta 4_group3_228.jpg
3 set1 225 3_150 10044142 10044143 172 124 94 135 27 14 10 4 all_3_150_10043862_10044421.fasta 3_150.jpg
XR_group8 set1 226 XR_group8_141 8158494 8158533 141 131 101 128 56 24 5 2 all_XR_group8_141_8158214_8158773.fasta XR_group8_141.jpg
XL_group1a set1 227 XL_group1a_121 6203387 6203408 137 140 114 141 4 0 26 8 all_XL_group1a_121_6203107_6203666.fasta XL_group1a_121.jpg
2 set1 228 2_319 6084677 6084722 144 102 158 108 41 5 9 5 all_2_319_6084397_6084956.fasta 2_319.jpg
3 set1 229 3_74 4568959 4568981 113 120 122 162 26 22 19 8 all_3_74_4568679_4569238.fasta 3_74.jpg
XR_group6 set1 230 XR_group6_180 9723020 9723036 125 122 152 133 20 18 10 7 all_XR_group6_180_9722740_9723299.fasta XR_group6_180.jpg
4_group5 set1 231 4_group5_67 1975280 1975296 126 141 137 129 13 5 16 6 all_4_group5_67_1975000_1975559.fasta 4_group5_67.jpg
XL_group1a set1 232 XL_group1a_64 2926945 2926955 140 109 156 96 56 1 5 5 all_XL_group1a_64_2926665_2927224.fasta XL_group1a_64.jpg
XL_group1e set1 233 XL_group1e_542 11117731 11117735 126 168 125 131 2 0 10 5 all_XL_group1e_542_11117451_11118010.fasta XL_group1e_542.jpg
2 set1 234 2_28 1180039 1180063 151 134 114 139 14 14 10 6 all_2_28_1179759_1180318.fasta 2_28.jpg
2 set1 235 2_875 15578429 15578478 155 114 142 112 29 17 10 5 all_2_875_15578149_15578708.fasta 2_875.jpg
XR_group8 set1 236 XR_group8_149 8564412 8564440 115 118 162 109 50 6 8 7 all_XR_group8_149_8564132_8564691.fasta XR_group8_149.jpg
XL_group1e set1 237 XL_group1e_394 7865992 7866010 136 141 141 133 0 0 11 5 all_XL_group1e_394_7865712_7866271.fasta XL_group1e_394.jpg
XL_group1a set1 238 XL_group1a_180 7998150 7998182 128 126 139 130 25 16 14 8 all_XL_group1a_180_7997870_7998429.fasta XL_group1a_180.jpg
3 set1 239 3_80 4792724 4792728 108 157 115 145 20 19 17 6 all_3_80_4792444_4793003.fasta 3_80.jpg
4_group2 set1 240 4_group2_18 755639 755673 104 109 165 115 59 16 10 8 all_4_group2_18_755359_755918.fasta 4_group2_18.jpg
2 set1 241 2_562 10419157 10419176 138 123 138 103 50 15 10 6 all_2_562_10418877_10419436.fasta 2_562.jpg
XL_group1e set1 242 XL_group1e_495 10149244 10149294 145 138 114 140 16 0 9 4 all_XL_group1e_495_10148964_10149523.fasta XL_group1e_495.jpg
3 set1 243 3_85 4847708 4847716 137 109 136 119 43 4 18 6 all_3_85_4847428_4847987.fasta 3_85.jpg
2 set1 244 2_1079 20114150 20114162 177 160 91 119 0 0 15 5 all_2_1079_20113870_20114429.fasta 2_1079.jpg
XR_group6 set1 245 XR_group6_83 5623279 5623314 117 166 116 144 0 0 19 7 all_XR_group6_83_5622999_5623558.fasta XR_group6_83.jpg
4_group3 set1 246 4_group3_315 8052421 8052449 134 130 152 136 0 0 10 2 all_4_group3_315_8052141_8052700.fasta 4_group3_315.jpg
XL_group1e set1 247 XL_group1e_141 3066999 3067044 140 119 163 108 8 8 24 8 all_XL_group1e_141_3066719_3067278.fasta XL_group1e_141.jpg
XL_group1e set1 248 XL_group1e_200 4533522 4533561 151 140 102 153 6 2 10 8 all_XL_group1e_200_4533242_4533801.fasta XL_group1e_200.jpg
XL_group3a set1 249 XL_group3a_31 2237886 2237891 140 137 111 139 28 11 7 5 all_XL_group3a_31_2237606_2238165.fasta XL_group3a_31.jpg
2 set1 250 2_663 11532738 11532758 98 156 148 126 21 21 13 8 all_2_663_11532458_11533017.fasta 2_663.jpg
2 set1 251 2_479 8984671 8984714 157 119 129 142 4 2 11 5 all_2_479_8984391_8984950.fasta 2_479.jpg
4_group1 set1 252 4_group1_113 2646934 2646973 132 104 157 114 37 22 18 9 all_4_group1_113_2646654_2647213.fasta 4_group1_113.jpg
3 set1 253 3_101 5795777 5795813 129 135 111 164 14 1 9 5 all_3_101_5795497_5796056.fasta 3_101.jpg
4_group4 set1 254 4_group4_1 13703 13735 140 98 109 105 102 21 8 3 all_4_group4_1_13423_13982.fasta 4_group4_1.jpg
XR_group8 set1 255 XR_group8_104 6325376 6325424 151 125 119 137 29 17 1 1 all_XR_group8_104_6325096_6325655.fasta XR_group8_104.jpg
2 set1 256 2_495 9219827 9219835 110 105 170 103 65 10 8 3 all_2_495_9219547_9220106.fasta 2_495.jpg
XR_group6 set1 257 XR_group6_42 2932016 2932035 176 122 115 134 2 0 13 6 all_XR_group6_42_2931736_2932295.fasta XR_group6_42.jpg
XR_group6 set1 258 XR_group6_243 13127168 13127186 161 122 147 111 6 4 15 8 all_XR_group6_243_13126888_13127447.fasta XR_group6_243.jpg
4_group4 set1 259 4_group4_128 2721590 2721620 115 157 133 146 0 0 11 5 all_4_group4_128_2721310_2721869.fasta 4_group4_128.jpg
4_group3 set1 260 4_group3_357 9442986 9443000 151 135 120 136 13 6 7 7 all_4_group3_357_9442706_9443265.fasta 4_group3_357.jpg
2 set1 261 2_177 4152860 4152880 125 152 113 148 5 0 19 8 all_2_177_4152580_4153139.fasta 2_177.jpg
XL_group1e set1 262 XL_group1e_337 6734863 6734905 106 173 79 193 0 0 11 6 all_XL_group1e_337_6734583_6735142.fasta XL_group1e_337.jpg
3 set1 263 3_117 6361265 6361269 157 151 139 90 14 0 11 6 all_3_117_6360985_6361544.fasta 3_117.jpg
4_group4 set1 264 4_group4_157 3193667 3193710 141 126 154 106 29 23 6 4 all_4_group4_157_3193387_3193946.fasta 4_group4_157.jpg
XR_group8 set1 265 XR_group8_90 5756504 5756506 118 144 143 128 13 2 16 5 all_XR_group8_90_5756224_5756783.fasta XR_group8_90.jpg
2 set1 266 2_16 825326 825330 150 124 123 133 19 12 13 7 all_2_16_825046_825605.fasta 2_16.jpg
4_group3 set1 267 4_group3_46 1231590 1231613 113 132 133 109 69 18 6 5 all_4_group3_46_1231310_1231869.fasta 4_group3_46.jpg
3 set1 268 3_51 3584359 3584387 78 123 162 115 76 0 8 5 all_3_51_3584079_3584638.fasta 3_51.jpg
4_group4 set1 269 4_group4_208 5549634 5549664 116 163 123 142 11 9 7 6 all_4_group4_208_5549354_5549913.fasta 4_group4_208.jpg
2 set1 270 2_911 16299507 16299519 142 119 134 111 41 9 15 7 all_2_911_16299227_16299786.fasta 2_911.jpg
4_group3 set1 271 4_group3_135 2894761 2894794 176 97 140 132 10 6 7 4 all_4_group3_135_2894481_2895040.fasta 4_group3_135.jpg
2 set1 272 2_1041 19098285 19098288 139 100 121 135 59 22 8 3 all_2_1041_19098005_19098564.fasta 2_1041.jpg
4_group4 set1 273 4_group4_104 2365830 2365837 141 125 134 122 33 3 7 7 all_4_group4_104_2365550_2366109.fasta 4_group4_104.jpg
4_group4 set1 274 4_group4_190 4637981 4638028 121 147 135 121 27 3 11 8 all_4_group4_190_4637701_4638260.fasta 4_group4_190.jpg
2 set1 275 2_253 5205686 5205729 136 113 97 136 72 12 8 3 all_2_253_5205406_5205965.fasta 2_253.jpg
2 set1 276 2_318 6027591 6027593 119 123 113 119 80 23 8 2 all_2_318_6027311_6027870.fasta 2_318.jpg
2 set1 277 2_598 10858627 10858668 122 139 134 156 0 0 11 5 all_2_598_10858347_10858906.fasta 2_598.jpg
XL_group1e set1 278 XL_group1e_195 4407526 4407545 131 109 170 114 21 7 17 8 all_XL_group1e_195_4407246_4407805.fasta XL_group1e_195.jpg
4_group3 set1 279 4_group3_312 8002525 8002540 91 137 187 133 9 9 5 3 all_4_group3_312_8002245_8002804.fasta 4_group3_312.jpg
XR_group3a set1 280 XR_group3a_16 722602 722645 144 160 65 149 36 0 8 7 all_XR_group3a_16_722322_722881.fasta XR_group3a_16.jpg
2 set1 281 2_536 9842250 9842286 111 141 130 139 8 0 33 7 all_2_536_9841970_9842529.fasta 2_536.jpg
XR_group6 set1 282 XR_group6_16 751551 751580 122 126 183 106 21 0 4 3 all_XR_group6_16_751271_751830.fasta XR_group6_16.jpg
2 set1 283 2_1070 19776655 19776703 144 117 141 111 37 0 12 5 all_2_1070_19776375_19776934.fasta 2_1070.jpg
XR_group6 set1 284 XR_group6_161 8468798 8468808 117 133 126 164 4 4 18 6 all_XR_group6_161_8468518_8469077.fasta XR_group6_161.jpg
XL_group1a set1 285 XL_group1a_74 4336489 4336505 166 110 152 124 10 0 0 0 all_XL_group1a_74_4336209_4336768.fasta XL_group1a_74.jpg
XL_group1e set1 286 XL_group1e_351 7064992 7065009 139 105 150 132 24 7 12 8 all_XL_group1e_351_7064712_7065271.fasta XL_group1e_351.jpg
XL_group1a set1 287 XL_group1a_17 1177105 1177129 169 137 111 124 17 8 4 1 all_XL_group1a_17_1176825_1177384.fasta XL_group1a_17.jpg
XL_group1e set1 288 XL_group1e_458 9197367 9197404 118 99 142 80 116 9 7 7 all_XL_group1e_458_9197087_9197646.fasta XL_group1e_458.jpg
4_group3 set1 289 4_group3_279 6959491 6959503 105 144 106 192 2 2 13 4 all_4_group3_279_6959211_6959770.fasta 4_group3_279.jpg
2 set1 290 2_1367 26555108 26555152 132 125 157 132 7 7 9 5 all_2_1367_26554828_26555387.fasta 2_1367.jpg
2 set1 291 2_351 6762480 6762515 143 113 99 169 23 8 15 3 all_2_351_6762200_6762759.fasta 2_351.jpg
4_group5 set1 292 4_group5_17 835975 836000 147 117 145 122 15 10 16 7 all_4_group5_17_835695_836254.fasta 4_group5_17.jpg
3 set1 293 3_18 2615083 2615104 145 110 143 101 55 22 8 4 all_3_18_2614803_2615362.fasta 3_18.jpg
XR_group6 set1 294 XR_group6_116 7029033 7029051 141 107 144 122 40 18 8 7 all_XR_group6_116_7028753_7029312.fasta XR_group6_116.jpg
2 set1 295 2_123 3216211 3216218 138 122 135 126 23 10 18 9 all_2_123_3215931_3216490.fasta 2_123.jpg
XR_group6 set1 296 XR_group6_183 9978980 9979008 120 126 101 117 92 12 6 3 all_XR_group6_183_9978700_9979259.fasta XR_group6_183.jpg
2 set1 297 2_1413 28145740 28145765 109 124 181 134 6 2 8 5 all_2_1413_28145460_28146019.fasta 2_1413.jpg
XR_group8 set1 298 XR_group8_131 7387457 7387471 126 98 112 131 89 7 6 3 all_XR_group8_131_7387177_7387736.fasta XR_group8_131.jpg
2 set1 299 2_391 7560500 7560520 119 140 144 130 15 0 14 6 all_2_391_7560220_7560779.fasta 2_391.jpg
2 set1 300 2_489 9114710 9114744 141 115 137 104 53 6 12 8 all_2_489_9114430_9114989.fasta 2_489.jpg
XR_group8 set1 301 XR_group8_174 9139795 9139796 135 115 186 117 6 6 3 2 all_XR_group8_174_9139515_9140074.fasta XR_group8_174.jpg
3 set1 302 3_142 9454478 9454486 83 120 171 153 23 0 12 6 all_3_142_9454198_9454757.fasta 3_142.jpg
4_group3 set1 303 4_group3_2 69797 69824 103 124 144 144 34 2 13 6 all_4_group3_2_69517_70076.fasta 4_group3_2.jpg
XL_group1a set1 304 XL_group1a_3 269620 269647 152 106 147 106 42 11 9 9 all_XL_group1a_3_269340_269899.fasta XL_group1a_3.jpg
2 set1 305 2_1137 21582793 21582830 116 169 120 97 44 19 16 8 all_2_1137_21582513_21583072.fasta 2_1137.jpg
XL_group1e set1 306 XL_group1e_299 6106951 6106959 91 163 123 149 20 0 16 9 all_XL_group1e_299_6106671_6107230.fasta XL_group1e_299.jpg
XR_group6 set1 307 XR_group6_236 12501984 12502026 190 96 115 126 32 24 3 1 all_XR_group6_236_12501704_12502263.fasta XR_group6_236.jpg
2 set1 308 2_1075 19909362 19909372 113 153 126 153 0 0 17 6 all_2_1075_19909082_19909641.fasta 2_1075.jpg
3 set1 309 3_54 3751545 3751555 131 114 152 129 19 19 17 7 all_3_54_3751265_3751824.fasta 3_54.jpg
2 set1 310 2_928 16475104 16475133 128 131 139 135 11 2 18 8 all_2_928_16474824_16475383.fasta 2_928.jpg
4_group1 set1 311 4_group1_160 4323911 4323953 129 144 127 147 1 1 14 8 all_4_group1_160_4323631_4324190.fasta 4_group1_160.jpg
2 set1 312 2_1045 19254207 19254236 120 131 144 149 0 0 18 6 all_2_1045_19253927_19254486.fasta 2_1045.jpg
2 set1 313 2_45 1595543 1595557 104 137 172 115 23 23 11 7 all_2_45_1595263_1595822.fasta 2_45.jpg
2 set1 314 2_574 10650996 10651042 192 104 156 100 6 4 4 3 all_2_574_10650716_10651275.fasta 2_574.jpg
4_group3 set1 315 4_group3_36 1022205 1022225 134 127 120 145 29 5 7 6 all_4_group3_36_1021925_1022484.fasta 4_group3_36.jpg
2 set1 316 2_1398 27521155 27521191 124 155 120 136 0 0 27 8 all_2_1398_27520875_27521434.fasta 2_1398.jpg
4_group1 set1 317 4_group1_117 3431568 3431586 142 91 110 86 126 23 7 5 all_4_group1_117_3431288_3431847.fasta 4_group1_117.jpg
3 set1 318 3_170 11299912 11299935 132 117 156 111 38 10 8 6 all_3_170_11299632_11300191.fasta 3_170.jpg
XR_group6 set1 319 XR_group6_209 11840006 11840031 118 151 129 149 1 1 14 9 all_XR_group6_209_11839726_11840285.fasta XR_group6_209.jpg
XL_group1a set1 320 XL_group1a_217 8728762 8728776 118 157 84 172 19 19 12 6 all_XL_group1a_217_8728482_8729041.fasta XL_group1a_217.jpg
XL_group1e set1 321 XL_group1e_528 10947757 10947797 75 135 176 132 26 23 18 9 all_XL_group1e_528_10947477_10948036.fasta XL_group1e_528.jpg
XL_group1e set1 322 XL_group1e_161 3621455 3621498 105 124 142 119 54 16 18 8 all_XL_group1e_161_3621175_3621734.fasta XL_group1e_161.jpg
XL_group1e set1 323 XL_group1e_21 359118 359155 136 141 137 142 0 0 6 3 all_XL_group1e_21_358838_359397.fasta XL_group1e_21.jpg
4_group4 set1 324 4_group4_60 1473335 1473341 135 146 123 148 0 0 10 9 all_4_group4_60_1473055_1473614.fasta 4_group4_60.jpg
XL_group1e set1 325 XL_group1e_59 1086794 1086804 151 152 108 132 7 1 12 6 all_XL_group1e_59_1086514_1087073.fasta XL_group1e_59.jpg
XL_group1e set1 326 XL_group1e_13 132033 132042 138 181 151 86 0 0 6 1 all_XL_group1e_13_131753_132312.fasta XL_group1e_13.jpg
3 set1 327 3_133 7975227 7975251 131 177 93 132 13 13 16 5 all_3_133_7974947_7975506.fasta 3_133.jpg
2 set1 328 2_368 7143543 7143551 146 92 143 83 81 20 17 7 all_2_368_7143263_7143822.fasta 2_368.jpg
2 set1 329 2_846 15195596 15195640 106 100 128 88 132 15 8 8 all_2_846_15195316_15195875.fasta 2_846.jpg
3 set1 330 3_197 14989356 14989405 160 120 112 154 12 12 4 4 all_3_197_14989076_14989635.fasta 3_197.jpg
4_group3 set1 331 4_group3_376 9941443 9941468 129 101 150 120 48 21 14 9 all_4_group3_376_9941163_9941722.fasta 4_group3_376.jpg
XL_group1e set1 332 XL_group1e_385 7659201 7659234 137 126 129 148 10 10 12 6 all_XL_group1e_385_7658921_7659480.fasta XL_group1e_385.jpg
3 set1 333 3_151 10387752 10387758 112 130 171 133 5 2 11 3 all_3_151_10387472_10388031.fasta 3_151.jpg
XR_group6 set1 334 XR_group6_245 13244580 13244611 83 120 139 105 104 11 10 3 all_XR_group6_245_13244300_13244859.fasta XR_group6_245.jpg
XL_group1e set1 335 XL_group1e_107 2107082 2107122 158 90 181 104 11 11 18 8 all_XL_group1e_107_2106802_2107361.fasta XL_group1e_107.jpg
XL_group1e set1 336 XL_group1e_67 1370418 1370424 94 197 71 184 4 0 12 7 all_XL_group1e_67_1370138_1370697.fasta XL_group1e_67.jpg
XR_group6 set1 337 XR_group6_71 5025489 5025514 146 126 153 112 8 3 17 7 all_XR_group6_71_5025209_5025768.fasta XR_group6_71.jpg
3 set1 338 3_189 13645462 13645484 168 138 159 82 5 5 9 3 all_3_189_13645182_13645741.fasta 3_189.jpg
XR_group6 set1 339 XR_group6_165 9062876 9062909 188 94 150 90 36 4 4 3 all_XR_group6_165_9062596_9063155.fasta XR_group6_165.jpg
3 set1 340 3_209 17289787 17289803 134 133 134 118 32 8 11 8 all_3_209_17289507_17290066.fasta 3_209.jpg
4_group3 set1 341 4_group3_395 10273212 10273242 166 81 166 105 31 18 13 7 all_4_group3_395_10272932_10273491.fasta 4_group3_395.jpg
2 set1 342 2_632 11186312 11186362 137 127 171 111 4 0 12 5 all_2_632_11186032_11186591.fasta 2_632.jpg
XL_group1e set1 343 XL_group1e_552 11460377 11460425 149 132 120 138 11 6 12 9 all_XL_group1e_552_11460097_11460656.fasta XL_group1e_552.jpg
2 set1 344 2_394 7759168 7759194 138 110 163 117 19 2 15 6 all_2_394_7758888_7759447.fasta 2_394.jpg
XL_group1a set1 345 XL_group1a_68 3230688 3230733 117 160 141 106 28 18 10 7 all_XL_group1a_68_3230408_3230967.fasta XL_group1a_68.jpg
XL_group1a set1 346 XL_group1a_93 5788661 5788689 106 155 114 167 5 5 15 6 all_XL_group1a_93_5788381_5788940.fasta XL_group1a_93.jpg
4_group4 set1 347 4_group4_209 5587625 5587639 157 84 181 103 36 1 1 1 all_4_group4_209_5587345_5587904.fasta 4_group4_209.jpg
3 set1 348 3_31 3073478 3073479 113 138 131 155 9 3 16 8 all_3_31_3073198_3073757.fasta 3_31.jpg
XR_group6 set1 349 XR_group6_130 7381807 7381819 131 165 66 135 54 18 11 4 all_XR_group6_130_7381527_7382086.fasta XR_group6_130.jpg
4_group4 set1 350 4_group4_186 4195157 4195163 97 102 137 130 83 0 13 9 all_4_group4_186_4194877_4195436.fasta 4_group4_186.jpg
2 set1 351 2_1227 23232463 23232492 164 120 113 111 44 5 10 3 all_2_1227_23232183_23232742.fasta 2_1227.jpg
XL_group1e set1 352 XL_group1e_448 9053190 9053215 146 117 103 125 60 22 11 9 all_XL_group1e_448_9052910_9053469.fasta XL_group1e_448.jpg
3 set1 353 3_221 17987205 17987240 183 98 102 139 27 19 13 4 all_3_221_17986925_17987484.fasta 3_221.jpg
XL_group1a set1 354 XL_group1a_133 6745254 6745296 113 123 128 138 44 0 16 8 all_XL_group1a_133_6744974_6745533.fasta XL_group1a_133.jpg
2 set1 355 2_1300 24775406 24775435 121 179 91 144 12 12 15 5 all_2_1300_24775126_24775685.fasta 2_1300.jpg
2 set1 356 2_42 1428702 1428729 118 159 147 108 23 21 7 4 all_2_42_1428422_1428981.fasta 2_42.jpg
3 set1 357 3_214 17748238 17748267 171 131 120 114 14 10 12 6 all_3_214_17747958_17748517.fasta 3_214.jpg
2 set1 358 2_206 4535986 4536014 151 111 172 98 22 22 7 5 all_2_206_4535706_4536265.fasta 2_206.jpg
XL_group1e set1 359 XL_group1e_497 10179932 10179980 158 116 130 119 25 17 14 9 all_XL_group1e_497_10179652_10180211.fasta XL_group1e_497.jpg
XR_group8 set1 360 XR_group8_67 3963826 3963841 119 115 149 117 46 0 16 9 all_XR_group8_67_3963546_3964105.fasta XR_group8_67.jpg
2 set1 361 2_7 488847 488889 175 133 128 109 2 2 15 6 all_2_7_488567_489126.fasta 2_7.jpg
XR_group8 set1 362 XR_group8_52 3244766 3244794 131 134 92 143 60 10 2 1 all_XR_group8_52_3244486_3245045.fasta XR_group8_52.jpg
3 set1 363 3_226 18485922 18485930 118 137 162 106 21 12 18 9 all_3_226_18485642_18486201.fasta 3_226.jpg
2 set1 364 2_425 7994494 7994510 122 123 157 114 36 19 10 4 all_2_425_7994214_7994773.fasta 2_425.jpg
XR_group6 set1 365 XR_group6_50 3292783 3292797 179 135 70 120 58 14 0 0 all_XR_group6_50_3292503_3293062.fasta XR_group6_50.jpg
4_group1 set1 366 4_group1_192 4848766 4848775 130 135 134 128 13 2 22 9 all_4_group1_192_4848486_4849045.fasta 4_group1_192.jpg
4_group1 set1 367 4_group1_123 3614303 3614339 108 155 136 141 15 0 7 5 all_4_group1_123_3614023_3614582.fasta 4_group1_123.jpg
XL_group1e set1 368 XL_group1e_611 12421527 12421543 107 98 133 93 120 4 11 6 all_XL_group1e_611_12421247_12421806.fasta XL_group1e_611.jpg
3 set1 369 3_115 6084514 6084522 148 133 128 131 18 16 4 2 all_3_115_6084234_6084793.fasta 3_115.jpg
4_group3 set1 370 4_group3_49 1298827 1298839 135 137 138 132 4 4 16 9 all_4_group3_49_1298547_1299106.fasta 4_group3_49.jpg
2 set1 371 2_1374 26841009 26841052 156 92 129 112 60 23 13 6 all_2_1374_26840729_26841288.fasta 2_1374.jpg
XR_group8 set1 372 XR_group8_34 2175542 2175548 139 116 139 107 50 3 11 9 all_XR_group8_34_2175262_2175821.fasta XR_group8_34.jpg
XL_group1e set1 373 XL_group1e_45 717482 717522 127 121 137 127 35 4 15 9 all_XL_group1e_45_717202_717761.fasta XL_group1e_45.jpg
2 set1 374 2_550 10123232 10123277 108 121 140 130 53 7 10 8 all_2_550_10122952_10123511.fasta 2_550.jpg
4_group3 set1 375 4_group3_157 3551133 3551177 177 127 104 142 0 0 12 4 all_4_group3_157_3550853_3551412.fasta 4_group3_157.jpg
3 set1 376 3_12 2231313 2231337 96 143 154 145 13 13 11 5 all_3_12_2231033_2231592.fasta 3_12.jpg
XR_group6 set1 377 XR_group6_91 5846190 5846226 147 155 90 155 8 3 7 2 all_XR_group6_91_5845910_5846469.fasta XR_group6_91.jpg
XR_group6 set1 378 XR_group6_66 4711531 4711568 106 148 148 136 15 0 9 6 all_XR_group6_66_4711251_4711810.fasta XR_group6_66.jpg
2 set1 379 2_837 14956971 14957006 142 114 116 128 50 3 12 8 all_2_837_14956691_14957250.fasta 2_837.jpg
4_group1 set1 380 4_group1_184 4709926 4709930 135 170 122 110 0 0 25 4 all_4_group1_184_4709646_4710205.fasta 4_group1_184.jpg
2 set1 381 2_83 2318712 2318749 133 122 92 122 87 17 6 4 all_2_83_2318432_2318991.fasta 2_83.jpg
XR_group3a set1 382 XR_group3a_25 1161052 1161091 108 125 175 117 25 9 12 6 all_XR_group3a_25_1160772_1161331.fasta XR_group3a_25.jpg
3 set1 383 3_192 14163553 14163563 135 129 143 129 13 3 13 3 all_3_192_14163273_14163832.fasta 3_192.jpg
XL_group1e set1 384 XL_group1e_381 7510298 7510316 115 200 71 165 0 0 11 6 all_XL_group1e_381_7510018_7510577.fasta XL_group1e_381.jpg
XL_group1e set1 385 XL_group1e_240 5274516 5274561 130 167 86 141 18 0 20 8 all_XL_group1e_240_5274236_5274795.fasta XL_group1e_240.jpg
XL_group1a set1 386 XL_group1a_125 6330074 6330087 143 116 159 136 1 1 7 2 all_XL_group1a_125_6329794_6330353.fasta XL_group1a_125.jpg
XR_group8 set1 387 XR_group8_96 6098155 6098158 175 123 111 78 63 5 12 3 all_XR_group8_96_6097875_6098434.fasta XR_group8_96.jpg
2 set1 388 2_896 16112008 16112054 116 112 138 112 68 10 16 7 all_2_896_16111728_16112287.fasta 2_896.jpg
2 set1 389 2_451 8768869 8768893 100 154 139 154 0 0 15 7 all_2_451_8768589_8769148.fasta 2_451.jpg
XR_group6 set1 390 XR_group6_136 7564079 7564100 100 170 133 151 0 0 8 5 all_XR_group6_136_7563799_7564358.fasta XR_group6_136.jpg
2 set1 391 2_1161 21871437 21871463 115 141 114 169 13 0 10 6 all_2_1161_21871157_21871716.fasta 2_1161.jpg
XR_group6 set1 392 XR_group6_198 10912837 10912883 101 121 153 159 22 20 6 5 all_XR_group6_198_10912557_10913116.fasta XR_group6_198.jpg
XL_group1e set1 393 XL_group1e_503 10203740 10203771 138 140 108 162 5 5 9 6 all_XL_group1e_503_10203460_10204019.fasta XL_group1e_503.jpg
2 set1 394 2_1178 22231936 22231980 162 181 85 121 0 0 13 8 all_2_1178_22231656_22232215.fasta 2_1178.jpg
XL_group1a set1 395 XL_group1a_65 2998356 2998402 188 110 129 112 11 11 12 8 all_XL_group1a_65_2998076_2998635.fasta XL_group1a_65.jpg
2 set1 396 2_1074 19904798 19904817 144 143 126 135 5 5 9 3 all_2_1074_19904518_19905077.fasta 2_1074.jpg
XR_group6 set1 397 XR_group6_40 2701133 2701178 82 160 139 177 0 0 4 2 all_XR_group6_40_2700853_2701412.fasta XR_group6_40.jpg
XL_group1a set1 398 XL_group1a_161 7321649 7321688 95 181 95 184 0 0 7 5 all_XL_group1a_161_7321369_7321928.fasta XL_group1a_161.jpg
2 set1 399 2_1234 23329923 23329934 137 120 129 126 33 16 17 8 all_2_1234_23329643_23330202.fasta 2_1234.jpg
2 set1 400 2_1214 22811485 22811507 135 117 115 131 57 21 7 3 all_2_1214_22811205_22811764.fasta 2_1214.jpg
4_group4 set2 401 4_group4_90 2110312 2110324 151 140 117 142 3 0 9 3 all_4_group4_90_2110032_2110591.fasta 4_group4_90.jpg
XL_group1e set2 402 XL_group1e_179 4121008 4121028 120 135 154 123 12 8 18 7 all_XL_group1e_179_4120728_4121287.fasta XL_group1e_179.jpg
4_group4 set2 403 4_group4_185 4166761 4166810 127 103 186 122 2 0 22 9 all_4_group4_185_4166481_4167040.fasta 4_group4_185.jpg
4_group1 set2 404 4_group1_38 882089 882123 173 143 126 89 17 10 14 6 all_4_group1_38_881809_882368.fasta 4_group1_38.jpg
XR_group8 set2 405 XR_group8_130 7349401 7349432 138 110 178 121 0 0 15 8 all_XR_group8_130_7349121_7349680.fasta XR_group8_130.jpg
3 set2 406 3_27 2774797 2774829 138 146 144 122 2 2 10 6 all_3_27_2774517_2775076.fasta 3_27.jpg
XL_group1e set2 407 XL_group1e_424 8444803 8444830 104 144 126 182 0 0 6 3 all_XL_group1e_424_8444523_8445082.fasta XL_group1e_424.jpg
XR_group6 set2 408 XR_group6_32 1755958 1755970 154 72 200 116 11 11 9 3 all_XR_group6_32_1755678_1756237.fasta XR_group6_32.jpg
XL_group3a set2 409 XL_group3a_5 468879 468928 93 155 123 183 2 2 6 2 all_XL_group3a_5_468599_469158.fasta XL_group3a_5.jpg
XL_group1a set2 410 XL_group1a_223 9064336 9064345 134 116 141 147 17 0 7 3 all_XL_group1a_223_9064056_9064615.fasta XL_group1a_223.jpg
2 set2 411 2_1092 20600924 20600957 165 124 110 113 43 13 7 5 all_2_1092_20600644_20601203.fasta 2_1092.jpg
3 set2 412 3_135 8403400 8403432 146 121 164 121 0 0 10 8 all_3_135_8403120_8403679.fasta 3_135.jpg
3 set2 413 3_94 5291052 5291056 107 120 161 102 52 23 20 6 all_3_94_5290772_5291331.fasta 3_94.jpg
XL_group1a set2 414 XL_group1a_7 958456 958473 134 114 137 107 61 0 9 4 all_XL_group1a_7_958176_958735.fasta XL_group1a_7.jpg
2 set2 415 2_541 10007213 10007214 157 108 153 121 15 0 8 4 all_2_541_10006933_10007492.fasta 2_541.jpg
2 set2 416 2_1126 21469813 21469845 146 131 91 162 13 13 19 8 all_2_1126_21469533_21470092.fasta 2_1126.jpg
4_group2 set2 417 4_group2_23 818632 818652 102 128 148 108 66 22 10 8 all_4_group2_23_818352_818911.fasta 4_group2_23.jpg
XL_group1e set2 418 XL_group1e_583 11954481 11954529 105 161 126 156 2 2 12 3 all_XL_group1e_583_11954201_11954760.fasta XL_group1e_583.jpg
3 set2 419 3_67 4314104 4314152 130 115 186 88 33 0 10 4 all_3_67_4313824_4314383.fasta 3_67.jpg
XL_group1e set2 420 XL_group1e_328 6651393 6651404 102 148 131 89 69 22 22 6 all_XL_group1e_328_6651113_6651672.fasta XL_group1e_328.jpg
XR_group6 set2 421 XR_group6_64 4706082 4706103 141 119 160 103 35 1 4 3 all_XR_group6_64_4705802_4706361.fasta XR_group6_64.jpg
2 set2 422 2_713 12348116 12348118 149 109 160 131 4 0 9 3 all_2_713_12347836_12348395.fasta 2_713.jpg
4_group5 set2 423 4_group5_14 546672 546679 156 138 133 117 10 10 8 3 all_4_group5_14_546392_546951.fasta 4_group5_14.jpg
2 set2 424 2_279 5710263 5710293 126 110 148 118 48 11 12 5 all_2_279_5709983_5710542.fasta 2_279.jpg
2 set2 425 2_1364 26362869 26362910 68 138 215 131 2 0 8 5 all_2_1364_26362589_26363148.fasta 2_1364.jpg
2 set2 426 2_1211 22739363 22739375 183 101 130 113 17 5 17 6 all_2_1211_22739083_22739642.fasta 2_1211.jpg
2 set2 427 2_278 5696108 5696114 166 142 119 100 17 9 18 9 all_2_278_5695828_5696387.fasta 2_278.jpg
XR_group6 set2 428 XR_group6_13 745918 745931 163 126 145 108 11 11 9 4 all_XR_group6_13_745638_746197.fasta XR_group6_13.jpg
4_group3 set2 429 4_group3_325 8271667 8271714 92 122 188 132 16 12 12 8 all_4_group3_325_8271387_8271946.fasta 4_group3_325.jpg
2 set2 430 2_121 3211638 3211642 144 125 131 128 17 3 17 8 all_2_121_3211358_3211917.fasta 2_121.jpg
2 set2 431 2_1318 25304055 25304097 109 131 115 107 94 19 6 5 all_2_1318_25303775_25304334.fasta 2_1318.jpg
2 set2 432 2_198 4483794 4483819 106 136 142 114 58 19 6 5 all_2_198_4483514_4484073.fasta 2_198.jpg
XL_group1a set2 433 XL_group1a_69 3386509 3386551 74 176 103 204 0 0 5 3 all_XL_group1a_69_3386229_3386788.fasta XL_group1a_69.jpg
XR_group3a set2 434 XR_group3a_14 600596 600637 80 193 100 177 0 0 12 7 all_XR_group3a_14_600316_600875.fasta XR_group3a_14.jpg
XR_group6 set2 435 XR_group6_227 12339118 12339168 118 138 152 118 24 24 12 9 all_XR_group6_227_12338838_12339397.fasta XR_group6_227.jpg
XL_group1e set2 436 XL_group1e_205 4632351 4632386 142 106 138 138 16 4 22 5 all_XL_group1e_205_4632071_4632630.fasta XL_group1e_205.jpg
4_group1 set2 437 4_group1_103 2482954 2483000 93 139 145 114 66 24 5 3 all_4_group1_103_2482674_2483233.fasta 4_group1_103.jpg
XR_group8 set2 438 XR_group8_142 8238685 8238700 138 153 105 159 0 0 7 4 all_XR_group8_142_8238405_8238964.fasta XR_group8_142.jpg
2 set2 439 2_11 596339 596368 129 112 134 109 70 24 8 5 all_2_11_596059_596618.fasta 2_11.jpg
2 set2 440 2_434 8198439 8198455 160 123 137 125 7 5 10 5 all_2_434_8198159_8198718.fasta 2_434.jpg
2 set2 441 2_1406 27794182 27794184 200 121 124 100 2 2 15 9 all_2_1406_27793902_27794461.fasta 2_1406.jpg
4_group1 set2 442 4_group1_171 4553386 4553435 116 183 81 146 20 13 16 6 all_4_group1_171_4553106_4553665.fasta 4_group1_171.jpg
3 set2 443 3_227 18651451 18651496 128 132 147 143 2 2 10 8 all_3_227_18651171_18651730.fasta 3_227.jpg
XL_group1a set2 444 XL_group1a_32 1993662 1993704 151 151 87 164 0 0 9 5 all_XL_group1a_32_1993382_1993941.fasta XL_group1a_32.jpg
XR_group6 set2 445 XR_group6_117 7068320 7068369 153 138 132 114 15 3 10 3 all_XR_group6_117_7068040_7068599.fasta XR_group6_117.jpg
XL_group1a set2 446 XL_group1a_97 5836988 5837005 113 115 150 95 70 10 19 8 all_XL_group1a_97_5836708_5837267.fasta XL_group1a_97.jpg
2 set2 447 2_777 13657603 13657644 153 94 147 147 9 0 12 5 all_2_777_13657323_13657882.fasta 2_777.jpg
2 set2 448 2_823 14742171 14742197 144 97 136 103 75 23 7 5 all_2_823_14741891_14742450.fasta 2_823.jpg
3 set2 449 3_118 6543038 6543081 138 133 153 110 17 10 11 1 all_3_118_6542758_6543317.fasta 3_118.jpg
2 set2 450 2_915 16356875 16356922 117 100 116 111 112 2 6 2 all_2_915_16356595_16357154.fasta 2_915.jpg
XR_group6 set2 451 XR_group6_166 9152069 9152076 146 116 139 134 25 14 2 1 all_XR_group6_166_9151789_9152348.fasta XR_group6_166.jpg
2 set2 452 2_1288 24232981 24233005 119 181 90 151 5 0 16 9 all_2_1288_24232701_24233260.fasta 2_1288.jpg
4_group3 set2 453 4_group3_366 9607031 9607070 131 138 144 117 19 12 13 7 all_4_group3_366_9606751_9607310.fasta 4_group3_366.jpg
XL_group1a set2 454 XL_group1a_197 8211525 8211556 103 171 126 134 17 1 11 6 all_XL_group1a_197_8211245_8211804.fasta XL_group1a_197.jpg
2 set2 455 2_302 5849210 5849230 106 131 149 155 2 2 19 6 all_2_302_5848930_5849489.fasta 2_302.jpg
XR_group6 set2 456 XR_group6_28 1533925 1533948 177 113 152 92 11 0 17 8 all_XR_group6_28_1533645_1534204.fasta XR_group6_28.jpg
XL_group1e set2 457 XL_group1e_33 597344 597356 147 138 125 136 2 2 14 6 all_XL_group1e_33_597064_597623.fasta XL_group1e_33.jpg
4_group3 set2 458 4_group3_145 3250941 3250983 60 146 135 187 22 6 12 7 all_4_group3_145_3250661_3251220.fasta 4_group3_145.jpg
2 set2 459 2_881 15775840 15775872 128 170 81 174 0 0 9 4 all_2_881_15775560_15776119.fasta 2_881.jpg
3 set2 460 3_206 16852708 16852727 91 125 129 143 63 15 11 5 all_3_206_16852428_16852987.fasta 3_206.jpg
XR_group6 set2 461 XR_group6_45 3078856 3078900 157 99 108 155 39 5 4 2 all_XR_group6_45_3078576_3079135.fasta XR_group6_45.jpg
3 set2 462 3_15 2468676 2468679 199 97 143 104 8 8 11 9 all_3_15_2468396_2468955.fasta 3_15.jpg
2 set2 463 2_1426 28715698 28715716 173 62 118 52 150 20 7 7 all_2_1426_28715418_28715977.fasta 2_1426.jpg
4_group2 set2 464 4_group2_21 792877 792882 77 168 155 139 6 0 17 9 all_4_group2_21_792597_793156.fasta 4_group2_21.jpg
4_group1 set2 465 4_group1_157 4320602 4320643 125 111 128 131 53 8 14 0 all_4_group1_157_4320322_4320881.fasta 4_group1_157.jpg
XR_group8 set2 466 XR_group8_11 936349 936360 170 92 181 108 0 0 11 7 all_XR_group8_11_936069_936628.fasta XR_group8_11.jpg
2 set2 467 2_619 11030004 11030040 109 152 95 174 24 0 8 6 all_2_619_11029724_11030283.fasta 2_619.jpg
XL_group1e set2 468 XL_group1e_526 10924866 10924878 95 150 139 150 14 0 14 6 all_XL_group1e_526_10924586_10925145.fasta XL_group1e_526.jpg
2 set2 469 2_71 2010774 2010787 132 144 142 127 10 8 7 4 all_2_71_2010494_2011053.fasta 2_71.jpg
XR_group6 set2 470 XR_group6_182 9898766 9898778 125 129 102 200 0 0 6 2 all_XR_group6_182_9898486_9899045.fasta XR_group6_182.jpg
XR_group6 set2 471 XR_group6_19 882001 882032 116 115 138 118 68 11 7 5 all_XR_group6_19_881721_882280.fasta XR_group6_19.jpg
2 set2 472 2_9 521584 521597 127 126 114 130 58 9 7 7 all_2_9_521304_521863.fasta 2_9.jpg
XL_group1e set2 473 XL_group1e_481 9717214 9717217 126 112 140 128 43 11 13 7 all_XL_group1e_481_9716934_9717493.fasta XL_group1e_481.jpg
2 set2 474 2_1033 18853580 18853620 169 105 152 118 6 6 12 9 all_2_1033_18853300_18853859.fasta 2_1033.jpg
4_group4 set2 475 4_group4_194 5305000 5305021 143 81 145 135 46 10 12 9 all_4_group4_194_5304720_5305279.fasta 4_group4_194.jpg
4_group5 set2 476 4_group5_28 1153799 1153846 171 91 179 85 22 4 14 2 all_4_group5_28_1153519_1154078.fasta 4_group5_28.jpg
2 set2 477 2_1435 29433362 29433388 129 128 178 114 0 0 13 4 all_2_1435_29433082_29433641.fasta 2_1435.jpg
2 set2 478 2_534 9797690 9797724 145 144 149 105 13 0 6 6 all_2_534_9797410_9797969.fasta 2_534.jpg
2 set2 479 2_350 6740117 6740150 66 171 153 149 17 17 6 3 all_2_350_6739837_6740396.fasta 2_350.jpg
XR_group8 set2 480 XR_group8_113 7011723 7011729 103 164 130 156 2 2 7 3 all_XR_group8_113_7011443_7012002.fasta XR_group8_113.jpg
3 set2 481 3_146 9856595 9856610 149 115 137 115 35 21 11 5 all_3_146_9856315_9856874.fasta 3_146.jpg
XR_group8 set2 482 XR_group8_49 3115889 3115919 113 128 144 85 85 9 7 3 all_XR_group8_49_3115609_3116168.fasta XR_group8_49.jpg
XL_group1e set2 483 XL_group1e_149 3392942 3392950 139 123 171 94 25 15 10 7 all_XL_group1e_149_3392662_3393221.fasta XL_group1e_149.jpg
XR_group6 set2 484 XR_group6_79 5233008 5233034 176 117 115 126 16 5 12 9 all_XR_group6_79_5232728_5233287.fasta XR_group6_79.jpg
XR_group6 set2 485 XR_group6_146 7993458 7993464 157 109 119 164 5 5 8 6 all_XR_group6_146_7993178_7993737.fasta XR_group6_146.jpg
2 set2 486 2_976 17342248 17342275 125 134 136 134 16 2 17 9 all_2_976_17341968_17342527.fasta 2_976.jpg
2 set2 487 2_1102 20779600 20779621 153 116 135 119 23 23 16 9 all_2_1102_20779320_20779879.fasta 2_1102.jpg
XL_group1a set2 488 XL_group1a_208 8486912 8486950 113 164 83 196 0 0 6 2 all_XL_group1a_208_8486632_8487191.fasta XL_group1a_208.jpg
XR_group8 set2 489 XR_group8_94 6087956 6087996 131 100 164 121 35 7 11 5 all_XR_group8_94_6087676_6088235.fasta XR_group8_94.jpg
3 set2 490 3_155 10704068 10704104 165 112 129 133 2 2 21 7 all_3_155_10703788_10704347.fasta 3_155.jpg
4_group4 set2 491 4_group4_152 3022745 3022758 157 114 132 115 27 15 17 9 all_4_group4_152_3022465_3023024.fasta 4_group4_152.jpg
2 set2 492 2_1209 22711399 22711402 150 126 116 130 28 14 12 6 all_2_1209_22711119_22711678.fasta 2_1209.jpg
3 set2 493 3_196 14467072 14467080 103 159 123 161 2 0 14 7 all_3_196_14466792_14467351.fasta 3_196.jpg
4_group2 set2 494 4_group2_20 760407 760438 131 93 134 77 121 7 6 5 all_4_group2_20_760127_760686.fasta 4_group2_20.jpg
XL_group1a set2 495 XL_group1a_153 7132225 7132227 126 99 127 134 73 16 3 2 all_XL_group1a_153_7131945_7132504.fasta XL_group1a_153.jpg
4_group3 set2 496 4_group3_421 11070984 11071033 153 113 137 128 19 19 12 6 all_4_group3_421_11070704_11071263.fasta 4_group3_421.jpg
2 set2 497 2_1044 19238781 19238807 99 126 146 137 45 18 9 8 all_2_1044_19238501_19239060.fasta 2_1044.jpg
4_group3 set2 498 4_group3_18 530622 530628 109 138 123 163 0 0 29 8 all_4_group3_18_530342_530901.fasta 4_group3_18.jpg
4_group5 set2 499 4_group5_68 2019422 2019438 133 130 152 117 8 2 22 4 all_4_group5_68_2019142_2019701.fasta 4_group5_68.jpg
XL_group1e set2 500 XL_group1e_262 5669780 5669802 89 138 161 135 28 22 11 4 all_XL_group1e_262_5669500_5670059.fasta XL_group1e_262.jpg
