CHROM_ref1 CHROM_ref2 POS_ref1 POS_ref2 CHROM_schf1 CHROM_schf2 POS_schf1 POS_schf2 CHROM_miller1 CHROM_miller2 POS_miller1 POS_miller2 rqtl_chr1 rqtl_chr2 map_pos1 map_pos2 cm_dist_map mb_dist_schf mb_dist_ref mb_dist_miller cm_mb_ref cm_mb_schf cm_mb_miller
2 2 29446267 28823630 2 2 29446267 28823630 utg000027l utg000044l 1474293 2711105 2 2 0 0 0 622637 622637 NA 0 0 0
2 2 28823630 28569055 2 2 28823630 28569055 utg000044l utg000044l 2711105 2462394 2 2 0 0.292698685778353 0.292698685778353 254575 254575 248711 1.14975424051204 1.14975424051204 1.17686264692094
2 2 28569055 27830568 2 2 28569055 27830568 utg000044l utg000044l 2462394 1701747 2 2 0.292698685778353 1.11995665186215 0.827257966083797 738487 738487 760647 1.1202065386172 1.1202065386172 1.08757145704091
2 2 27830568 27521155 2 2 27830568 27521155 utg000044l utg000044l 1701747 1389680 2 2 1.11995665186215 1.37447653920452 0.25451988734237 309413 309413 312067 0.822589507688332 0.822589507688332 0.815593726162555
2 2 27521155 26841009 2 2 27521155 26841009 utg000044l utg000044l 1389680 710958 2 2 1.37447653920452 2.18900519024699 0.81452865104247 680146 680146 678722 1.19757912425048 1.19757912425048 1.20009171802663
2 2 26841009 26362869 2 2 26841009 26362869 utg000044l utg000044l 710958 249859 2 2 2.18900519024699 2.8286116841082 0.63960649386121 478140 478140 461099 1.33769710516002 1.33769710516002 1.38713485360239
2 2 24775435 24232981 2 2 24775435 24232981 utg000061l utg000061l 492178 910523 2 2 6.79791994311973 10.8959705872369 4.09805064411717 542454 542454 418345 7.55465098260345 7.55465098260345 9.79586380646875
2 2 24232981 23569553 2 2 24232981 23569553 utg000061l utg000061l 910523 1581342 2 2 10.8959705872369 15.6487503079744 4.7527797207375 663428 663428 670819 7.16397215784908 7.16397215784908 7.08504040693168
2 2 23569553 23329923 2 2 23569553 23329923 utg000061l utg000061l 1581342 1820830 2 2 15.6487503079744 16.5651165741996 0.9163662662252 239630 239630 239488 3.82408824531653 3.82408824531653 3.82635566803013
2 2 23232463 22811485 2 2 23232463 22811485 utg000061l utg000061l 1924632 2360518 2 2 17.0105343121429 18.5459827239545 1.5354484118116 420978 420978 435886 3.64733646844157 3.64733646844157 3.5225917139151
2 2 21582830 20875276 2 2 21582830 20875276 utg000061l utg000061l 3598754 4321606 2 2 24.4785945270453 27.2107696293487 2.7321751023034 707554 707554 722852 3.86143686885157 3.86143686885157 3.77971576796274
2 2 20875276 19776703 2 2 20875276 19776703 utg000061l utg000061l 4321606 5440218 2 2 27.2107696293487 30.2961508412825 3.0853812119338 1098573 1098573 1118612 2.80853544728825 2.80853544728825 2.75822287972398
2 2 19776703 19254236 2 2 19776703 19254236 utg000061l utg000061l 5440218 5965770 2 2 30.2961508412825 33.2501478101666 2.9539969688841 522467 522467 525552 5.65393980650281 5.65393980650281 5.6207510748396
2 2 19238807 19098285 2 2 19238807 19098285 utg000061l utg000061l 5981265 6121334 2 2 33.2501478101666 34.1534394967214 0.903291686554795 140522 140522 140069 6.42811578653019 6.42811578653019 6.44890508645592
2 2 19098285 18807141 2 2 19098285 18807141 utg000061l utg000061l 6121334 6437798 2 2 34.1534394967214 35.133802578682 0.980363081960604 291144 291144 316464 3.36727901643381 3.36727901643381 3.09786605099033
2 2 18807141 18490885 2 2 18807141 18490885 utg000061l utg000061l 6437798 6754462 2 2 35.133802578682 36.088359865202 0.95455728652 316256 316256 316664 3.01830569703025 3.01830569703025 3.01441681567845
2 2 15176087 14646112 2 2 15176087 14646112 utg000075l utg000075l 844097 310181 2 2 55.4295855475777 60.0751289319818 4.6455433844041 529975 529975 533916 8.76558966819963 8.76558966819963 8.7008881254806
2 2 14272003 13975330 2 2 14272003 13975330 utg000110l utg000110l 88659 381519 2 2 60.8387413621041 61.5768962821968 0.738154920092697 296673 296673 292860 2.48810953505272 2.48810953505272 2.5205044051516
2 2 13975330 13657603 2 2 13975330 13657603 utg000110l utg000110l 381519 698783 2 2 61.5768962821968 63.63987892516 2.0629826429632 317727 317727 317264 6.49294093030557 6.49294093030557 6.50241641964799
2 2 13657603 13329211 2 2 13657603 13329211 utg000110l utg000110l 698783 1026994 2 2 63.63987892516 66.4732997168894 2.8334207917294 328392 328392 328211 8.62816631260628 8.62816631260628 8.63292452638517
2 2 13329211 12348118 2 2 13329211 12348118 utg000110l utg000110l 1026994 2013391 2 2 66.4732997168894 71.2173615842739 4.7440618673845 981093 981093 986397 4.83548640891791 4.83548640891791 4.80948529586414
2 2 12348118 11532758 2 2 12348118 11532758 utg000110l utg000110l 2013391 2868884 2 2 71.2173615842739 75.6447788223808 4.4274172381069 815360 815360 855493 5.43001525474256 5.43001525474256 5.17528166578441
2 2 11532758 11265585 2 2 11532758 11265585 utg000110l utg000110l 2868884 3088312 2 2 75.6447788223808 76.0901965603242 0.445417737943401 267173 267173 219428 1.66715101429935 1.66715101429935 2.02990383152288
2 2 11186312 11030004 2 2 11186312 11030004 utg000110l utg000110l 3167434 3323269 2 2 77.1181042688237 78.0247751472968 0.906670878473093 156308 156308 155835 5.80054046160845 5.80054046160845 5.81814661964959
2 2 11030004 10861651 2 2 11030004 10861651 utg000110l utg000110l 3323269 3488542 2 2 78.0247751472968 78.6229202484845 0.598145101187711 168353 168353 165273 3.55292214090459 3.55292214090459 3.61913380399528
2 2 10858668 10278828 2 2 10858668 10278828 utg000110l utg000110l 3491543 4070624 2 2 78.6229202484845 80.2524101039145 1.62948985542999 579840 579840 579081 2.81024050674323 2.81024050674323 2.81392388185762
2 2 10123232 10007213 2 2 10123232 10007213 utg000284l utg000284l 469069 352742 2 2 81.4969137751868 82.8108721984068 1.31395842322 116019 116019 116327 11.3253727684259 11.3253727684259 11.2953864813844
2 2 10007213 9842286 2 2 10007213 9842286 utg000284l utg000284l 352742 172807 2 2 82.8108721984068 83.3102834699908 0.499411271583995 164927 164927 179935 3.02807467294012 3.02807467294012 2.77550933161416
2 2 8768893 8658440 2 2 8768893 8658440 utg000063l utg000063l 4240158 4130006 2 2 86.6797357378399 87.0754856184331 0.3957498805932 110453 110453 110152 3.58297086175297 3.58297086175297 3.5927616438485
2 2 8658440 8249660 2 2 8658440 8249660 utg000063l utg000063l 4130006 3737659 2 2 87.0754856184331 88.4374920352652 1.36200641683209 408780 408780 392347 3.33188124867187 3.33188124867187 3.47143323851613
2 2 8198455 7143551 2 2 8198455 7143551 utg000063l utg000063l 3686562 2656842 2 2 88.5795487883338 93.4529994990152 4.87345071068141 1054904 1054904 1029720 4.61980494024235 4.61980494024235 4.73279212861886
2 2 7143551 6762515 2 2 7143551 6762515 utg000063l utg000063l 2656842 2267097 2 2 93.4529994990152 96.7294716380468 3.2764721390316 381036 381036 389745 8.59885191696217 8.59885191696217 8.40670730614016
2 2 6740117 6027591 2 2 6740117 6027591 utg000063l utg000063l 2244758 1462118 2 2 96.9842978177357 101.57819296603 4.59389514829431 712526 712526 782640 6.44733686671688 6.44733686671688 5.86974234423785
2 2 6027591 5849230 2 2 6027591 5849230 utg000063l utg000063l 1462118 1282949 2 2 101.57819296603 102.43090988553 0.852716919499997 178361 178361 179169 4.78084850107365 4.78084850107365 4.75928826694348
2 2 5849230 5726001 2 2 5849230 5726001 utg000063l utg000063l 1282949 1155531 2 2 102.43090988553 102.783291832922 0.352381947392004 123229 123229 127418 2.85956996642028 2.85956996642028 2.76555861331997
2 2 5696114 5532637 2 2 5696114 5532637 utg000063l utg000063l 1125651 952393 2 2 104.684567942445 105.333624504342 0.649056561896998 163477 163477 173258 3.97032342101334 3.97032342101334 3.74618523760518
2 2 5532637 5114301 2 2 5532637 5114301 utg000063l utg000063l 952393 534161 2 2 105.333624504342 107.523876499794 2.190251995452 418336 418336 418232 5.23562876599672 5.23562876599672 5.23693068787659
2 2 5114301 4919304 2 2 5114301 4919304 utg000063l utg000063l 534161 330896 2 2 107.523876499794 108.465703324673 0.941826824879001 194997 194997 203265 4.82995546023273 4.82995546023273 4.63349236159202
2 2 4483794 4355611 2 2 4483794 4355611 utg000092l utg000092l 76193 203275 2 2 110.824873247349 111.477062478029 0.652189230679994 128183 128183 127082 5.08795418019546 5.08795418019546 5.13203467587852
2 2 4355611 4152880 2 2 4355611 4152880 utg000092l utg000092l 203275 410660 2 2 111.477062478029 111.98673388034 0.509671402311 202731 202731 207385 2.51402795976442 2.51402795976442 2.45760977076934
2 2 4152880 3925946 2 2 4152880 3925946 utg000092l utg000092l 410660 635166 2 2 111.98673388034 115.793140070757 3.80640619041701 226934 226934 224506 16.7731859942406 16.7731859942406 16.954585580862
2 2 3925946 3508480 2 2 3925946 3508480 utg000092l utg000092l 635166 1053766 2 2 115.793140070757 121.891571007829 6.098430937072 417466 417466 418600 14.6082098591789 14.6082098591789 14.5686357789584
2 2 3508480 3216218 2 2 3508480 3216218 utg000092l utg000092l 1053766 1341411 2 2 121.891571007829 125.051808711965 3.16023770413599 292262 292262 287645 10.8130297614332 10.8130297614332 10.9865900819969
2 2 3216218 3010066 2 2 3216218 3010066 utg000092l utg000092l 1341411 1552544 2 2 125.051808711965 125.643141019243 0.591332307278009 206152 206152 211133 2.8684286704859 2.8684286704859 2.80075737699937
2 2 3010066 2010774 2 2 3010066 2010774 utg000092l utg000092l 1552544 2364999 2 2 125.643141019243 129.073164614022 3.430023594779 999292 999292 812455 3.43245377204961 3.43245377204961 4.22180132410903
2 2 2010774 2502609 2 2 2010774 2502609 utg000092l utg000092l 2364999 2861221 2 2 129.073164614022 131.110432791459 2.037268177437 491835 491835 496222 4.14217812363292 4.14217812363292 4.10555795074986
2 2 2502609 488847 2 2 2502609 488847 utg000092l utg000092l 2861221 3491035 2 2 131.110432791459 132.128644275428 1.018211483969 2013762 2013762 629814 0.505626525860056 0.505626525860056 1.61668601201148
2 2 488847 968549 2 2 488847 968549 utg000092l utg000092l 3491035 3970401 2 2 132.128644275428 132.968631663781 0.839987388352995 479702 479702 479366 1.75106084267523 1.75106084267523 1.75228820640804
2 2 968549 1281760 2 2 968549 1281760 utg000092l utg000092l 3970401 4299256 2 2 132.968631663781 133.21042535313 0.241793689349009 313211 313211 328855 0.771983389309473 0.771983389309473 0.735259276425809
2 2 1281760 1428702 2 2 1281760 1428702 utg000092l utg000092l 4299256 4446026 2 2 133.21042535313 133.312232569415 0.101807216284982 146942 146942 146770 0.692839462406813 0.692839462406813 0.693651402091585
2 2 1428702 1180063 2 2 1428702 1180063 utg000092l utg000092l 4446026 4189804 2 2 133.312232569415 133.948561144089 0.636328574674025 248639 248639 256222 2.55924683848481 2.55924683848481 2.48350483047523
3 3 2228605 2615083 3 3 2228605 2615083 utg000001l utg000001l 1500472 1886773 3 3 0 0.241793689349016 0.241793689349016 386478 386478 386301 0.625633773071212 0.625633773071212 0.625920433415953
3 3 2615083 2774829 3 3 2615083 2774829 utg000001l utg000001l 1886773 2046407 3 3 0.241793689349016 0.496313576691378 0.254519887342362 159746 159746 159634 1.59327862570807 1.59327862570807 1.5943964778328
3 3 2774829 3073479 3 3 2774829 3073479 utg000001l utg000001l 2046407 2345587 3 3 0.496313576691378 0.878097529779714 0.381783953088336 298650 298650 299180 1.27836582316536 1.27836582316536 1.2761011868719
3 3 3073479 3318994 3 3 3073479 3318994 utg000001l utg000001l 2345587 2591128 3 3 0.878097529779714 1.21411530623338 0.336017776453666 245515 245515 245541 1.36862422440041 1.36862422440041 1.36847930265685
3 3 3318995 4568959 3 3 3318995 4568959 utg000001l utg000001l 2591128 3843741 3 3 1.21411530623338 4.21588549857683 3.00177019234345 1249964 1249964 1252613 2.40148531665188 2.40148531665188 2.39640670529801
3 3 4568959 4841440 3 3 4568959 4841440 utg000001l utg000001l 3843741 4115926 3 3 4.21588549857683 4.94131180798365 0.725426309406821 272481 272481 272185 2.66230052519926 2.66230052519926 2.66519576540522
3 3 4841440 5291056 3 3 4841440 5291056 utg000001l utg000001l 4115926 4574719 3 3 4.94131180798365 8.14352885348207 3.20221704549842 449616 449616 458793 7.12211541737487 7.12211541737487 6.97965541213231
3 3 5291056 5465514 3 3 5291056 5465514 utg000001l utg000001l 4574719 4749993 3 3 8.14352885348207 8.5089369417173 0.365408088235229 174458 174458 175274 2.09453328729682 2.09453328729682 2.08478204545585
3 3 5467516 5795813 3 3 5467516 5795813 utg000001l utg000001l 4752031 5087692 3 3 8.5089369417173 9.9346222500484 1.4256853083311 328297 328297 335661 4.34266931568397 4.34266931568397 4.24739635623769
3 3 5795813 6543081 3 3 5795813 6543081 utg000001l utg000001l 5087692 5846782 3 3 9.9346222500484 12.3926963025902 2.4580740525418 747268 747268 759090 3.28941430991532 3.28941430991532 3.2381852646482
3 3 6543081 7975227 3 3 6543081 7975227 utg000001l utg000001l 5846782 7283456 3 3 12.3926963025902 16.7535993395441 4.3609030369539 1432146 1432146 1436674 3.04501289460285 3.04501289460285 3.03541585422573
3 3 7975227 8403400 3 3 7975227 8403400 utg000001l utg000001l 7283456 7678721 3 3 16.7535993395441 17.8887717389322 1.1351723993881 428173 428173 395265 2.65120033114676 2.65120033114676 2.87192743953576
3 3 8403400 8817993 3 3 8403400 8817993 utg000001l utg000001l 7678721 8094050 3 3 17.8887717389322 19.3781405627722 1.48936882384 414593 414593 415329 3.59236365264247 3.59236365264247 3.58599766411688
3 3 8817993 9242771 3 3 8817993 9242771 utg000001l utg000001l 8094050 8523829 3 3 19.3781405627722 20.7401469796042 1.362006416832 424778 424778 429779 3.20639585108457 3.20639585108457 3.1690855459015
3 3 9242771 9454486 3 3 9242771 9454486 utg000001l utg000001l 8523829 8735335 3 3 20.7401469796042 21.6565132458294 0.9163662662252 211715 211715 211506 4.3283010945148 4.3283010945148 4.332578112324
3 3 9454493 9766843 3 3 9454493 9766843 utg000001l utg000001l 8735335 9047559 3 3 21.6565132458294 23.0185196626614 1.362006416832 312350 312350 312224 4.36051358038098 4.36051358038098 4.36227329363534
3 3 9856610 10044142 3 3 9856610 10044142 utg000001l utg000001l 9137472 9324376 3 3 23.1712307508907 24.711549855624 1.5403191047333 187532 187532 186904 8.21363343180523 8.21363343180523 8.24123135263718
3 3 10044142 10387752 3 3 10044142 10387752 utg000001l utg000001l 9324376 9678744 3 3 24.711549855624 27.1568674019573 2.4453175463333 343610 343610 354368 7.1165494203699 7.1165494203699 6.90050328001766
3 3 10387752 10696062 3 3 10387752 10696062 utg000001l utg000001l 9678744 9987164 3 3 27.1568674019573 27.7041022826492 0.547234880691899 308310 308310 308420 1.7749501498229 1.7749501498229 1.77431710230173
3 3 10704068 11070703 3 3 10704068 11070703 utg000001l utg000001l 9995170 10361745 3 3 27.7041022826492 29.9136810408704 2.2095787582212 366635 366635 366575 6.0266443689806 6.0266443689806 6.02763079375626
3 3 11070703 11299935 3 3 11070703 11299935 utg000001l utg000001l 10361745 10672284 3 3 29.9136810408704 33.3357007330954 3.422019692225 229232 229232 310539 14.9281936737672 14.9281936737672 11.0196132924528
3 3 13048410 13505612 3 3 13048410 13505612 utg000143l utg000143l 469437 15554 3 3 43.3292437844824 44.7676654193671 1.4384216348847 457202 457202 453883 3.14614029440969 3.14614029440969 3.16914631057937
3 3 14989405 16852727 3 3 14989405 16852727 utg000079l utg000079l 4789744 2925560 3 3 52.9592920254086 68.5934247810901 15.6341327556815 1863322 1863322 1864184 8.39046217222869 8.39046217222869 8.38658241658629
3 3 16887907 17546545 3 3 16887907 17546545 utg000079l utg000079l 2888689 2266649 3 3 69.026136248965 71.8670616989755 2.8409254500105 658638 658638 622040 4.31333365218907 4.31333365218907 4.56711055560816
3 3 17546545 18485922 3 3 17546545 18485922 utg000079l utg000079l 2266649 1339220 3 3 71.8670616989755 75.3596232695064 3.4925615705309 939377 939377 927429 3.71795516659541 3.71795516659541 3.76585331117627
3 3 18485922 18651496 3 3 18485922 18651496 utg000079l utg000079l 1339220 1174079 3 3 75.3596232695064 75.6523219552848 0.292698685778404 165574 165574 165141 1.7677816914395 1.7677816914395 1.77241681822445
4_group2 4_group3 818652 11651268 4 4 26410875 26163825 utg000136l utg000136l 859666 1032074 4 4 0 0.114533160364068 0.114533160364068 247050 NA 172408 NA 0.463603158729277 0.664314651083871
4_group3 4_group3 11651267 11519000 4 4 26163824 26031557 utg000136l utg000136l 1032074 1163759 4 4 0.279970261920682 0.623761941176607 0.343791679255925 132267 132267 131685 2.59922489552137 2.59922489552137 2.61071252804742
4_group3 4_group3 11519000 11088978 4 4 26031557 25601535 utg000136l utg000136l 1163759 1602381 4 4 0.623761941176607 1.85823612322537 1.23447418204876 430022 430022 438622 2.87072331659488 2.87072331659488 2.81443744738924
4_group3 4_group3 11071033 9614584 4 4 25583590 24127141 utg000136l utg000136l 1620347 3112943 4 4 2.6091197496729 11.6921986111197 9.0830788614468 1456449 1456449 1492596 6.23645514635034 6.23645514635034 6.08542355831504
4_group3 4_group3 8271667 8052421 4 4 22784224 22564978 utg000197l utg000197l 386359 170629 4 4 17.866333779963 19.6741967949926 1.8078630150296 219246 219246 215730 8.24581983265191 8.24581983265191 8.38021144499884
4_group3 4_group3 6706033 5136829 4 4 21218590 19649386 utg000135l utg000135l 247015 1794056 4 4 27.5235547122062 34.2762222668723 6.7526675546661 1569204 1569204 1547041 4.30324390880096 4.30324390880096 4.36489243314567
4_group3 4_group3 3561554 3220490 4 4 18074111 17733047 utg000129l utg000129l 390513 727872 4 4 42.4854231299388 43.8092243452571 1.3238012153183 341064 341064 337359 3.88138652956131 3.88138652956131 3.92401333688533
4_group3 4_group3 1298827 1022225 4 4 15811384 15534782 utg000142l utg000142l 1097560 1366952 4 4 54.2006313231159 55.5499024983068 1.3492711751909 276602 276602 269392 4.87802393037975 4.87802393037975 5.00857922726324
4_group3 4_group3 1022225 523947 4 4 15534782 15036504 utg000142l utg000142l 1366952 1883267 4 4 55.5499024983068 56.6190397064861 1.0691372081793 498278 498278 516315 2.14566408346204 2.14566408346204 2.07070723914529
4_group3 4_group5 530628 2383837 4 4 15043185 13533524 utg000142l utg000142l 1876575 3968905 4 4 56.6190397064861 60.1884515003518 3.5694117938657 1509661 NA 2092330 NA 2.36437968117723 1.70595068362338
4_group5 4_group5 1975280 1611114 4 4 13124967 12760801 utg000042l utg000042l 1233154 869832 4 4 62.0232883199192 63.6419101706606 1.6186218507414 364166 364166 363322 4.44473633107264 4.44473633107264 4.45506149019712
4_group5 4_group5 1611114 1153799 4 4 12760801 12303486 utg000042l utg000042l 869832 410694 4 4 63.6419101706606 65.1801365333425 1.5382263626819 457315 457315 459138 3.36360356140057 3.36360356140057 3.35024842788422
4_group5 4_group5 1153799 983354 4 4 12303486 12133041 utg000042l utg000042l 410694 240423 4 4 65.1801365333425 65.8546493236796 0.67451279033709 170445 170445 170271 3.95736331565661 3.95736331565661 3.9614073467419
4_group5 4_group5 583117 836000 4 4 11732804 11985687 utg000074l utg000042l 4022914 94960 4 4 66.2097358287368 66.2097358287368 0 252883 252883 NA 0 0 0
4_group5 4_group5 836000 516084 4 4 11985687 11665771 utg000042l utg000074l 94960 3956032 4 4 66.2097358287368 66.2097358287368 0 319916 319916 NA 0 0 0
4_group5 4_group1 516084 763852 4 4 11665771 11101995 utg000074l utg000074l 3956032 3383174 4 4 66.2097358287368 67.7709568383532 1.5612210096164 563776 NA 572858 NA 2.76922219040258 2.72531938039864
4_group1 4_group5 763852 137482 4 4 11101995 11287169 utg000074l utg000074l 3383174 3574074 4 4 67.7709568383532 67.7709568383532 0 185174 NA 190900 0 0 0
4_group5 4_group1 137482 844016 4 4 11287169 11021831 utg000074l utg000074l 3574074 3303378 4 4 67.7709568383532 68.0971701701364 0.326213331783194 265338 NA 270696 NA 1.22942560727523 1.20509106814727
4_group1 4_group1 844016 2483000 4 4 11021831 9382847 utg000074l utg000074l 3303378 1655107 4 4 68.0971701701364 75.861814466946 7.76464429680961 1638984 1638984 1648271 4.73747412836831 4.73747412836831 4.71078135622698
4_group1 4_group1 2483000 3431586 4 4 9382847 8434261 utg000074l utg000074l 1655107 733543 4 4 75.861814466946 80.1738216909939 4.3120072240479 948586 948586 921564 4.54572091939782 4.54572091939782 4.67901005686844
4_group1 4_group1 3431586 3614303 4 4 8434261 8251544 utg000074l utg000074l 733543 536199 4 4 80.1738216909939 81.0010796570777 0.827257966083792 182717 182717 197344 4.52753693462454 4.52753693462454 4.19195904655724
4_group1 4_group1 3614303 4134304 4 4 8251544 7731543 utg000074l utg000074l 536199 93253 4 4 81.0010796570777 82.3481467273043 1.3470670702266 520001 520001 442946 2.59050861484228 2.59050861484228 3.04115415925779
4_group1 4_group1 4323911 4553386 4 4 7541936 7312461 utg000111l utg000111l 2105722 1876357 4 4 83.2030168900091 83.8775296803463 0.674512790337204 229475 229475 229365 2.93937374588606 2.93937374588606 2.94078342527065
4_group1 4_group1 4553386 4709930 4 4 7312461 7155917 utg000111l utg000111l 1876357 1724979 4 4 83.8775296803463 84.475674781534 0.598145101187697 156544 156544 151378 3.82093916846188 3.82093916846188 3.95133441575194
4_group1 4_group1 4709930 4848766 4 4 7155917 7017081 utg000111l utg000111l 1724979 1586142 4 4 84.475674781534 85.1629158163889 0.687241034854907 138836 138836 138837 4.95002041873078 4.95002041873078 4.94998476526363
4_group1 4_group4 4848766 13703 4 4 7017081 6573258 utg000111l utg000111l 1586142 1185937 4 4 85.1629158163889 85.1629158163889 0 443823 NA 400205 0 0 0
4_group4 4_group4 13703 328276 4 4 6573258 6258685 utg000111l utg000111l 1185937 863437 4 4 85.1629158163889 88.3935743604353 3.23065854404639 314573 314573 322500 10.2699803989738 10.2699803989738 10.0175458730121
4_group4 4_group4 328276 1014807 4 4 6258685 5572154 utg000111l utg000111l 863437 172124 4 4 88.3935743604353 92.0897563399535 3.6961819795182 686531 686531 691313 5.38385299355484 5.38385299355484 5.34661141844317
4_group4 4_group4 1473335 2087286 4 4 5113626 4499675 utg000109l utg000109l 116680 728451 4 4 92.5116008608554 95.2690385305545 2.7574376696991 613951 613951 611771 4.49129925629098 4.49129925629098 4.50730366378776
4_group4 4_group4 2110312 2365837 4 4 4476649 4221124 utg000109l utg000109l 751467 1004646 4 4 96.42144348141 97.0581956815901 0.636752200180112 255525 255525 253179 2.49193699317136 2.49193699317136 2.51502770838068
4_group4 4_group4 2365837 3005305 4 4 4221124 3581656 utg000109l utg000109l 1004646 1646977 4 4 97.0581956815901 99.3223367323308 2.26414105074069 639468 639468 642331 3.54066356837354 3.54066356837354 3.52488211022151
4_group4 4_group4 3005305 3193710 4 4 3581656 3393251 utg000109l utg000109l 1646977 1841518 4 4 99.3223367323308 99.9584115329539 0.636074800623106 188405 188405 194541 3.37610360989945 3.37610360989945 3.26961823277924
4_group4 4_group4 4638028 5549664 4 4 1948933 1037297 utg000053l utg000053l 53331 945170 4 4 101.052881932556 101.383759758084 0.330877825527992 911636 911636 891839 0.362949494675497 0.362949494675497 0.371006230416019
4_group4 4_group4 5587639 6236353 4 4 999322 350608 utg000053l utg000053l 978444 1663180 4 4 101.383759758084 101.383759758084 0 648714 648714 684736 0 0 0
XR_group8 XR_group8 3963841 5562316 XR XR 26588190 24989715 utg000043l utg000043l 1053151 2676297 X X 7.15284024129033 14.7884993314402 7.63565909014987 1598475 1598475 1623146 4.77683985683221 4.77683985683221 4.70423430187418
XR_group8 XR_group8 5562316 6098158 XR XR 24989715 24453873 utg000043l utg000043l 2676297 3273648 X X 14.7884993314402 20.2107992880651 5.4222999566249 535842 535842 597351 10.1192141650429 10.1192141650429 9.07724262054454
XR_group8 XR_group8 6098158 6879187 XR XR 24453873 23672844 utg000043l utg000043l 3273648 4049061 X X 20.2107992880651 21.8194767080377 1.6086774199726 781029 781029 775413 2.05968974259932 2.05968974259932 2.07460723507679
XR_group8 XR_group8 6879187 7011729 XR XR 23672844 23540302 utg000043l utg000043l 4049061 4181524 X X 21.8194767080377 22.142334491829 0.322857783791299 132542 132542 132463 2.43589038788685 2.43589038788685 2.43734313575338
XR_group8 XR_group8 7011729 7169827 XR XR 23540302 23382204 utg000043l utg000043l 4181524 4339445 X X 22.142334491829 22.7786301391639 0.636295647334901 158098 158098 157921 4.02469131383636 4.02469131383636 4.02920224248137
XR_group8 XR_group8 7169827 7349432 XR XR 23382204 23202599 utg000043l utg000043l 4339445 4515227 X X 22.7786301391639 24.0414664058945 1.2628362667306 179605 179605 175782 7.03118658573313 7.03118658573313 7.1841045541102
XR_group8 XR_group8 7349432 7712803 XR XR 23202599 22839228 utg000043l utg000043l 4515227 4876702 X X 24.0414664058945 29.0677448557921 5.0262784498976 363371 363371 361475 13.8323599018568 13.8323599018568 13.904913064244
XR_group8 XR_group8 7712803 8158494 XR XR 22839228 22393537 utg000043l utg000043l 4876702 5322945 X X 29.0677448557921 34.1681827726624 5.1004379168703 445691 445691 446243 11.4438880678997 11.4438880678997 11.4297320448059
XR_group8 XR_group8 8238685 8358083 XR XR 22313346 22193948 utg000043l utg000043l 5403044 5522372 X X 34.9021951299819 35.0288853877713 0.126690257789399 119398 119398 119328 1.06107520887618 1.06107520887618 1.06169765511363
XR_group8 XR_group8 8358083 8564440 XR XR 22193948 21987591 utg000043l utg000043l 5522372 5725007 X X 35.0288853877713 35.7184735025309 0.689588114759601 206357 206357 202635 3.34172388026382 3.34172388026382 3.40310466977374
XR_group8 XR_group8 8564440 8969711 XR XR 21987591 21582320 utg000043l utg000043l 5725007 6119972 X X 35.7184735025309 37.7159012380769 1.997427735546 405271 405271 394965 4.92862241696545 4.92862241696545 5.05722718606966
XR_group8 XR_group8 9139795 3499637 XR XR 21412236 21240316 utg000154l utg000141l 130434 571362 X X 38.1740458995392 38.1740458995392 0 171920 5640158 NA 0 0 0
XR_group8 XR_group8 3499637 3115919 XR XR 21240316 20856598 utg000141l utg000141l 571362 186245 X X 38.1740458995392 41.1574166826213 2.9833707830821 383718 383718 385117 7.77490444306001 7.77490444306001 7.7466608409447
XR_group8 XR_group8 3115919 3007165 XR XR 20856598 20747844 utg000141l utg000141l 186245 71818 X X 41.1574166826213 42.050883954429 0.893467271807694 108754 108754 114427 8.21548882622886 8.21548882622886 7.80818575867316
XR_group8 XR_group8 2677258 2450446 XR XR 20417937 20191125 utg000133l utg000133l 497915 271279 X X 44.7081256925455 45.9815665169314 1.2734408243859 226812 226812 226636 5.61452138504974 5.61452138504974 5.61888148566821
XR_group8 XR_group8 1633767 896364 XR XR 19374446 18637043 utg000128l utg000128l 360856 1142904 X X 48.0233137798415 50.5139969794323 2.4906831995908 737403 737403 782048 3.37764180453673 3.37764180453673 3.18482139151407
XR_group8 XR_group8 896364 115366 XR XR 18637043 17856045 utg000128l utg000128l 1142904 1768316 X X 50.5139969794323 52.5275337132017 2.0135367337694 780998 780998 625412 2.57815863007255 2.57815863007255 3.21953645559951
XR_group8 XR_group6 115366 12502026 XR XR 17856045 16928287 utg000128l utg000128l 1768316 3012604 X X 52.5275337132017 57.013815501771 4.4862817885693 927758 NA 1244288 NA 4.83561638764559 3.60550112881367
XR_group6 XR_group6 11840006 11096482 XR XR 16266267 15522743 utg000076l utg000076l 6015336 5248332 X X 60.4970769685523 65.147142569194 4.6500656006417 743524 743524 767004 6.25408944518496 6.25408944518496 6.06263539778372
XR_group6 XR_group6 11096482 10912837 XR XR 15522743 15339098 utg000076l utg000076l 5248332 5063438 X X 65.147142569194 65.9440122606283 0.796869691434296 183645 183645 184894 4.33918533820303 4.33918533820303 4.3098731783308
XR_group6 XR_group6 10912837 9979016 XR XR 15339098 14405277 utg000076l utg000076l 5063438 4142040 X X 65.9440122606283 70.1323008585746 4.1882885979463 933821 933821 921398 4.48510859998468 4.48510859998468 4.54558030074549
XR_group6 XR_group6 9898778 9723020 XR XR 14325039 14149281 utg000076l utg000076l 4062035 3868629 X X 71.6581170473655 72.2540436166035 0.595926569238003 175758 175758 193406 3.39060850281639 3.39060850281639 3.08122069241907
XR_group6 XR_group6 9723020 9152069 XR XR 14149281 13578330 utg000076l utg000076l 3868629 3298587 X X 72.2540436166035 73.8122939212505 1.558250304647 570951 570951 570042 2.72921897789303 2.72921897789303 2.73357104326875
XR_group6 XR_group6 9152069 7564079 XR XR 13578330 11990340 utg000076l utg000076l 3298587 2625755 X X 73.8122939212505 79.9962890554031 6.1839951341526 1587990 1587990 672832 3.89422800782914 3.89422800782914 9.19099438515498
XR_group6 XR_group6 7564079 7835301 XR XR 11990340 12261562 utg000076l utg000076l 2625755 2347674 X X 79.9962890554031 80.9044052799599 0.908116224556807 271222 271222 278081 3.34823954014352 3.34823954014352 3.26565362091192
XR_group6 XR_group6 7835321 8468808 XR XR 12261582 12895069 utg000076l utg000076l 2347674 1975934 X X 80.9044052799599 82.7329163039741 1.82851102401419 633487 633487 371740 2.8864223322881 2.8864223322881 4.91879007912571
XR_group6 XR_group6 8468810 7068320 XR XR 12895071 11494581 utg000076l utg000076l 1975934 1249848 X X 83.788119190547 87.387974796173 3.599855605626 1400490 1400490 726086 2.57042578356576 2.57042578356576 4.95789149718629
XR_group6 XR_group6 7068320 6155602 XR XR 11494581 10581863 utg000076l utg000076l 1249848 309951 X X 87.387974796173 94.836324818357 7.448350022184 912718 912718 939897 8.16062575974617 8.16062575974617 7.92464495810073
XR_group6 XR_group6 5846226 5233008 XR XR 10272487 9659269 utg000045l utg000045l 16215 650078 X X 96.3129565592327 100.74037379734 4.4274172381073 613218 613218 633863 7.21997273091673 7.21997273091673 6.9848172840303
XR_group6 XR_group6 5233008 5025514 XR XR 9659269 9451775 utg000045l utg000045l 650078 856838 X X 100.74037379734 101.236699592146 0.496325794805998 207494 207494 206760 2.39200070751924 2.39200070751924 2.40049233316888
XR_group6 XR_group6 5025514 4706082 XR XR 9451775 9132343 utg000045l utg000045l 856838 1194958 X X 101.236699592146 101.779569005559 0.542869413413001 319432 319432 338120 1.69948350012836 1.69948350012836 1.60555250624926
XR_group6 XR_group6 4706082 4059679 XR XR 9132343 8485940 utg000045l utg000045l 1194958 1853775 X X 101.779569005559 103.697725948807 1.91815694324801 646403 646403 658817 2.96743199404707 2.96743199404707 2.91151707264386
XR_group6 XR_group6 4059679 3489468 XR XR 8485940 7915729 utg000045l utg000045l 1853775 2426282 X X 103.697725948807 105.234072417798 1.536346468991 570211 570211 572507 2.69434730124638 2.69434730124638 2.68354180646001
XR_group6 XR_group6 3489468 3078856 XR XR 7915729 7505117 utg000045l utg000045l 2426282 2836749 X X 105.234072417798 106.082793193478 0.848720775679993 410612 410612 410467 2.06696534850417 2.06696534850417 2.06769551676503
XR_group6 XR_group6 3078856 3292783 XR XR 7505117 7719044 utg000045l utg000045l 2836749 2622961 X X 106.082793193478 106.082793193478 0 213927 213927 213788 0 0 0
XR_group6 XR_group6 3292783 2932016 XR XR 7719044 7358277 utg000045l utg000045l 2622961 2987721 X X 106.082793193478 106.497147569643 0.414354376165008 360767 360767 364760 1.14853735559241 1.14853735559241 1.13596440444404
XR_group6 XR_group6 2932016 2701178 XR XR 7358277 7127439 utg000045l utg000045l 2987721 3216325 X X 106.497147569643 107.499687464013 1.00253989436999 230838 230838 228604 4.34304531476615 4.34304531476615 4.3854871059561
XR_group6 XR_group6 2701178 1755958 XR XR 7127439 6182219 utg000045l utg000045l 3216325 4156259 X X 107.499687464013 109.014429854801 1.514742390788 945220 945220 939934 1.60252892531686 1.60252892531686 1.61154122607332
XR_group6 XR_group6 1635961 1533948 XR XR 6062222 5960209 utg000096l utg000096l 2556190 2454153 X X 109.3716064641 110.058697008849 0.687090544748997 102013 102013 102037 6.73532338769566 6.73532338769566 6.73373918038552
XR_group6 XR_group6 1533948 1247210 XR XR 5960209 5673471 utg000096l utg000096l 2454153 2167714 X X 110.058697008849 110.758666377287 0.699969368438005 286738 286738 286439 2.44114616283159 2.44114616283159 2.44369435879194
XR_group6 XR_group6 1247210 1029429 XR XR 5673471 5455690 utg000096l utg000096l 2167714 1936268 X X 110.758666377287 111.572004765632 0.813338388345002 217781 217781 231446 3.73466183158771 3.73466183158771 3.51416048817004
XR_group6 XR_group6 1029429 751551 XR XR 5455690 5177812 utg000096l utg000096l 1936268 1662971 X X 111.572004765632 111.942252129131 0.370247363499004 277878 277878 273297 1.33240977514954 1.33240977514954 1.35474360676848
XR_group6 XR_group6 745918 124208 XR XR 5172179 4550469 utg000096l utg000096l 1657338 1031146 X X 111.942252129131 112.951848959174 1.00959683004299 621710 621710 626192 1.62390315427288 1.62390315427288 1.61227998767629
XR_group6 XL_group1a 124208 2926945 XR XR 4550469 4144783 utg000096l utg000096l 1031146 575771 X X 112.951848959174 113.470597583628 0.518748624454005 405686 NA 455375 NA 1.27869491294747 1.13916799221302
XL_group1a XL_group1a 2998356 3386551 XR XR 4073372 3685177 utg000096l utg000096l 506040 96808 X X 113.470597583628 113.723474007773 0.252876424145001 388195 388195 409232 0.651415974304153 0.651415974304153 0.617929253198676
XL_group3a XL_group3b 2237891 319934 XR XR 1261568 319934 utg000003l utg000003l 1538805 363031 X X 115.227421765861 115.58840275497 0.360980989109009 941634 NA 1175774 NA 0.383355942021008 0.307015624694039
XL_group1a XL_group1a 1177129 1589621 XL XL 1468337 1055845 utg000069l utg000069l 578460 979794 X X 115.940083365964 116.118246502282 0.178163136318005 412492 412492 401334 0.4319190101093 0.4319190101093 0.443927343105756
XL_group1a XL_group1a 2073288 2431540 XL XL 572178 213926 utg000144l utg000144l 51884 428497 X X 116.690924324108 117.021802149637 0.330877825529001 358252 358252 376613 0.923589611583469 0.923589611583469 0.878561880575022
XL_group1a XL_group1a 2431540 2589140 XL XL 213926 56326 utg000144l utg000144l 428497 590811 X X 117.021802149637 117.479946811099 0.458144661462001 157600 157600 162314 2.90700927323604 2.90700927323604 2.82258253423611
XL_group1e XL_group1e 1370418 2107122 XL XL 4015882 4752586 utg000060l utg000060l 2381762 1640781 X X 118.903291719349 121.037462586096 2.134170866747 736704 736704 740981 2.89691771287654 2.89691771287654 2.88019647838069
XL_group1e XL_group1e 2107122 3067044 XL XL 4752586 5712508 utg000060l utg000060l 1640781 647333 X X 121.037462586096 125.478234792943 4.440772206847 959922 959922 993448 4.62618025927836 4.62618025927836 4.47006004023059
XL_group1e XL_group1e 3067044 3392942 XL XL 5712508 6038406 utg000060l utg000060l 647333 321762 X X 125.478234792943 126.77656673523 1.29833194228701 325898 325898 325571 3.98385980364104 3.98385980364104 3.98786114944822
XL_group1e XL_group1e 3392942 3541185 XL XL 6038406 6186649 utg000060l utg000060l 321762 173472 X X 126.77656673523 127.361984169149 0.585417433918991 148243 148243 148290 3.94903930653718 3.94903930653718 3.947787672257
XL_group1e XL_group1e 4407526 4533561 XL XL 7052990 7179025 utg000077l utg000077l 3578756 3454096 X X 129.898664591751 130.18570580759 0.287041215839025 126035 126035 124660 2.27747225642897 2.27747225642897 2.30259277907128
XL_group1e XL_group1e 4533561 4792842 XL XL 7179025 7438306 utg000077l utg000077l 3454096 3178819 X X 130.18570580759 131.181673619653 0.995967812062986 259281 259281 275277 3.8412680144823 3.8412680144823 3.61805676486952
XL_group1e XL_group1e 4792842 5164211 XL XL 7438306 7809675 utg000077l utg000077l 3178819 2799690 X X 131.181673619653 133.981072464991 2.799398845338 371369 371369 379129 7.5380520327168 7.5380520327168 7.38376342969808
XL_group1e XL_group1e 5164211 5453064 XL XL 7809675 8098528 utg000077l utg000077l 2799690 2493309 X X 133.981072464991 134.668313499846 0.687241034854992 288853 288853 306381 2.37920684519459 2.37920684519459 2.24309286429313
XL_group1e XL_group1e 5518352 7064992 XL XL 8163816 9710456 utg000077l utg000077l 2428056 794276 X X 134.897434859745 141.735315626393 6.837880766648 1546640 1546640 1633780 4.42111982532975 4.42111982532975 4.18531305723414
XL_group1e XL_group1e 7095031 7320427 XL XL 9740495 9965891 utg000077l utg000077l 764289 539142 X X 141.938930903132 142.677085823225 0.738154920093024 225396 225396 225147 3.27492466633402 3.27492466633402 3.27854655000077
XL_group1e XL_group1e 7320427 7510298 XL XL 9965891 10155762 utg000077l utg000077l 539142 349642 X X 142.677085823225 143.758954804877 1.08186898165198 189871 189871 189500 5.697915856829 5.697915856829 5.70907114328221
XL_group1e XL_group1e 7510298 7659234 XL XL 10155762 10304698 utg000077l utg000077l 349642 211769 X X 143.758954804877 144.621833603255 0.862878798378006 148936 148936 137873 5.79362141039108 5.79362141039108 6.25850455403165
XL_group1e XL_group1e 7705255 7865992 XL XL 10350719 10511456 utg000077l utg000077l 166095 5409 X X 144.800535556439 145.661778530881 0.861242974442007 160737 160737 160686 5.35808789788292 5.35808789788292 5.35978849708131
XL_group1e XL_group1e 8444803 8758456 XL XL 11090267 11403920 utg000187l utg000187l 826991 503008 X X 148.36723811134 149.758669834682 1.39143172334201 313653 313653 323983 4.43621366077165 4.43621366077165 4.29476769874348
XL_group1e XL_group1e 8758456 9197367 XL XL 11403920 11842831 utg000187l utg000187l 503008 12364 X X 149.758669834682 151.440419835167 1.68175000048501 438911 438911 490644 3.83164240696863 3.83164240696863 3.42763796252478
XL_group1e XL_group1e 9586208 9801762 XL XL 12231672 12447226 utg000186l utg000186l 480020 264607 X X 153.948382433334 155.466508188348 1.51812575501401 215554 215554 215413 7.04290226585455 7.04290226585455 7.04751224398719
XL_group1e XL_group1e 10372397 10729320 XL XL 13017861 13374784 utg000234l utg000234l 601808 253952 X X 157.058290926365 158.623159795308 1.56486886894299 356923 356923 347856 4.38433182771353 4.38433182771353 4.49861111765499
XL_group1e XL_group1e 10729320 10924866 XL XL 13374784 13570330 utg000234l utg000234l 253952 52134 X X 158.623159795308 159.387684720385 0.764524925077012 195546 195546 201818 3.90969349962163 3.90969349962163 3.78818997848067
XL_group1e XL_group1e 12087936 12421527 XL XL 14733400 15066991 utg000140l utg000140l 1909947 1579264 X X 163.772360610054 165.938637035352 2.16627642529801 333591 333591 330683 6.49380956110329 6.49380956110329 6.55091560587635
XL_group1e XL_group1a 12421527 5788661 XL XL 15066991 15599968 utg000140l utg000140l 1579264 1051013 X X 165.938637035352 168.262502461902 2.32386542654999 532977 NA 528251 NA 4.36016080722055 4.39916900592708
XL_group1a XL_group1a 5837005 6203408 XL XL 15648312 16014715 utg000140l utg000140l 1002835 638248 X X 168.540153558207 170.093446493394 1.55329293518699 366403 366403 364587 4.23930190306026 4.23930190306026 4.26041777459698
XL_group1a XL_group1a 6203408 6330087 XL XL 16014715 16141394 utg000140l utg000140l 638248 511579 X X 170.093446493394 170.362030500734 0.268584007339996 126679 126679 126669 2.12019361804242 2.12019361804242 2.12036099866578
XL_group1a XL_group1a 6330087 6745254 XL XL 16141394 16556561 utg000140l utg000140l 511579 93758 X X 170.362030500734 171.380241984703 1.018211483969 415167 415167 417821 2.45253472450604 2.45253472450604 2.43695621801919
XL_group1a XL_group1a 8262942 8486950 XL XL 18074249 18298257 utg000062l utg000062l 1567927 1320145 X X 179.751703302861 179.751703302861 0 224008 224008 247782 0 0 0
XL_group1a XL_group1a 8486950 8211556 XL XL 18298257 18022863 utg000062l utg000062l 1320145 1619492 X X 179.751703302861 179.751703302861 0 275394 275394 299347 0 0 0
XL_group1a XL_group1a 8211556 9064336 XL XL 18022863 18875643 utg000062l utg000062l 1619492 737379 X X 179.751703302861 181.371429967545 1.61972666468401 852780 852780 882113 1.89934879416029 1.89934879416029 1.83618954111776
XL_group1a XL_group3a 9064336 1037457 XL XL 18875643 19288023 utg000062l utg000062l 737379 338314 X X 181.371429967545 181.988995180401 0.617565212855993 412380 NA 399065 NA 1.49756344356175 1.54753038441355
