CHROM_ref	POS_ref1	POS_ref2	CHROM_schf	POS_schf1	POS_schf2	pos1	pos2	pos1_schf	pos2_schf
2	488847	968549	2	488847	968549	488847	968548	488847	968549
2	968549	1281760	2	968549	1281760	968549	1281759	968549	1281760
2	1281760	1428702	2	1281760	1428702	1281760	1428701	1281760	1428702
2	2010774	3010066	2	2010774	3010066	2010774	3010065	2010774	3010066
2	3010066	3216218	2	3010066	3216218	3010066	3216217	3010066	3216218
2	3216218	3508480	2	3216218	3508480	3216218	3508479	3216218	3508480
2	3508480	3925946	2	3508480	3925946	3508480	3925945	3508480	3925946
2	3925946	4152880	2	3925946	4152880	3925946	4152879	3925946	4152880
2	4152880	4355611	2	4152880	4355611	4152880	4355610	4152880	4355611
2	4355611	4483794	2	4355611	4483794	4355611	4483793	4355611	4483794
2	4483794	4919304	2	4483794	4919304	4483794	4919303	4483794	4919304
2	4919304	5114301	2	4919304	5114301	4919304	5114300	4919304	5114301
2	5114301	5532637	2	5114301	5532637	5114301	5532636	5114301	5532637
2	5532637	5696114	2	5532637	5696114	5532637	5696113	5532637	5696114
2	5726001	5849230	2	5726001	5849230	5726001	5849229	5726001	5849230
2	5849230	6027591	2	5849230	6027591	5849230	6027590	5849230	6027591
2	6027591	6740117	2	6027591	6740117	6027591	6740116	6027591	6740117
2	6762515	7143551	2	6762515	7143551	6762515	7143550	6762515	7143551
2	7143551	8198455	2	7143551	8198455	7143551	8198454	7143551	8198455
2	8249660	8658440	2	8249660	8658440	8249660	8658439	8249660	8658440
2	8658440	8768893	2	8658440	8768893	8658440	8768892	8658440	8768893
2	8768893	9797690	2	8768893	9797690	8768893	9797689	8768893	9797690
2	9842286	10007213	2	9842286	10007213	9842286	10007212	9842286	10007213
2	10007213	10123232	2	10007213	10123232	10007213	10123231	10007213	10123232
2	10123232	10278828	2	10123232	10278828	10123232	10278827	10123232	10278828
2	10278828	10858668	2	10278828	10858668	10278828	10858667	10278828	10858668
2	11030004	11186312	2	11030004	11186312	11030004	11186311	11030004	11186312
2	11186312	11265585	2	11186312	11265585	11186312	11265584	11186312	11265585
2	11265585	11532758	2	11265585	11532758	11265585	11532757	11265585	11532758
2	11532758	12348118	2	11532758	12348118	11532758	12348117	11532758	12348118
2	12348118	13329211	2	12348118	13329211	12348118	13329210	12348118	13329211
2	13329211	13657603	2	13329211	13657603	13329211	13657602	13329211	13657603
2	13657603	13975330	2	13657603	13975330	13657603	13975329	13657603	13975330
2	13975330	14272003	2	13975330	14272003	13975330	14272002	13975330	14272003
2	14272003	14646112	2	14272003	14646112	14272003	14646111	14272003	14646112
2	14646112	15176087	2	14646112	15176087	14646112	15176086	14646112	15176087
2	16112054	16711664	2	16112054	16711664	16112054	16711663	16112054	16711664
2	16711664	17740750	2	16711664	17740750	16711664	17740749	16711664	17740750
2	17740750	18490885	2	17740750	18490885	17740750	18490884	17740750	18490885
2	18490885	18807141	2	18490885	18807141	18490885	18807140	18490885	18807141
2	18807141	19098285	2	18807141	19098285	18807141	19098284	18807141	19098285
2	19098285	19238807	2	19098285	19238807	19098285	19238806	19098285	19238807
2	19254236	19776703	2	19254236	19776703	19254236	19776702	19254236	19776703
2	19776703	20875276	2	19776703	20875276	19776703	20875275	19776703	20875276
2	20875276	21582830	2	20875276	21582830	20875276	21582829	20875276	21582830
2	21582830	21871463	2	21582830	21871463	21582830	21871462	21582830	21871463
2	21871463	22811485	2	21871463	22811485	21871463	22811484	21871463	22811485
2	22811485	23232463	2	22811485	23232463	22811485	23232462	22811485	23232463
2	23232463	23329923	2	23232463	23329923	23232463	23329922	23232463	23329923
2	23329923	23569553	2	23329923	23569553	23329923	23569552	23329923	23569553
2	23569553	24232981	2	23569553	24232981	23569553	24232980	23569553	24232981
2	24232981	24775435	2	24232981	24775435	24232981	24775434	24232981	24775435
2	26362869	26841009	2	26362869	26841009	26362869	26841008	26362869	26841009
2	26841009	27521155	2	26841009	27521155	26841009	27521154	26841009	27521155
2	27521155	27830568	2	27521155	27830568	27521155	27830567	27521155	27830568
2	27830568	28569055	2	27830568	28569055	27830568	28569054	27830568	28569055
2	28569055	28823630	2	28569055	28823630	28569055	28823629	28569055	28823630
3	2228605	2615083	3	2228605	2615083	2228605	2615082	2228605	2615083
3	2615083	2774829	3	2615083	2774829	2615083	2774828	2615083	2774829
3	2774829	3073479	3	2774829	3073479	2774829	3073478	2774829	3073479
3	3073479	3318994	3	3073479	3318994	3073479	3318993	3073479	3318994
3	3318995	4568959	3	3318995	4568959	3318995	4568958	3318995	4568959
3	4568959	4841440	3	4568959	4841440	4568959	4841439	4568959	4841440
3	4841440	5291056	3	4841440	5291056	4841440	5291055	4841440	5291056
3	5291056	5465514	3	5291056	5465514	5291056	5465513	5291056	5465514
3	5467516	5795813	3	5467516	5795813	5467516	5795812	5467516	5795813
3	5795813	6543081	3	5795813	6543081	5795813	6543080	5795813	6543081
3	6543081	7975227	3	6543081	7975227	6543081	7975226	6543081	7975227
3	7975227	8403400	3	7975227	8403400	7975227	8403399	7975227	8403400
3	8403400	8817993	3	8403400	8817993	8403400	8817992	8403400	8817993
3	8817993	9242771	3	8817993	9242771	8817993	9242770	8817993	9242771
3	9242771	9454486	3	9242771	9454486	9242771	9454485	9242771	9454486
3	9454493	9766843	3	9454493	9766843	9454493	9766842	9454493	9766843
3	9766843	9856610	3	9766843	9856610	9766843	9856609	9766843	9856610
3	9856610	10044142	3	9856610	10044142	9856610	10044141	9856610	10044142
3	10044142	10387752	3	10044142	10387752	10044142	10387751	10044142	10387752
3	10387752	10696062	3	10387752	10696062	10387752	10696061	10387752	10696062
3	10704068	11070703	3	10704068	11070703	10704068	11070702	10704068	11070703
3	11070703	11299935	3	11070703	11299935	11070703	11299934	11070703	11299935
3	13048410	13505612	3	13048410	13505612	13048410	13505611	13048410	13505612
3	13505612	14989405	3	13505612	14989405	13505612	14989404	13505612	14989405
3	16887907	17546545	3	16887907	17546545	16887907	17546544	16887907	17546545
3	17546545	18485922	3	17546545	18485922	17546545	18485921	17546545	18485922
3	18485922	18651496	3	18485922	18651496	18485922	18651495	18485922	18651496
4_group4	6236353	5587639	4	350608	999322	5587639	6236352	350608	999322
4_group4	5549664	4638028	4	1037297	1948933	4638028	5549663	1037297	1948933
4_group4	4638028	3722025	4	1948933	2864936	3722025	4638027	1948933	2864936
4_group4	3722025	3193710	4	2864936	3393251	3193710	3722024	2864936	3393251
4_group4	3193710	3005305	4	3393251	3581656	3005305	3193709	3393251	3581656
4_group4	3005305	2365837	4	3581656	4221124	2365837	3005304	3581656	4221124
4_group4	2087286	1473335	4	4499675	5113626	1473335	2087285	4499675	5113626
4_group4	1473335	1014807	4	5113626	5572154	1014807	1473334	5113626	5572154
4_group4	1014807	328276	4	5572154	6258685	328276	1014806	5572154	6258685
4_group4	328276	13703	4	6258685	6573258	13703	328275	6258685	6573258
4_group1	4848766	4709930	4	7017081	7155917	4709930	4848765	7017081	7155917
4_group1	4709930	4553386	4	7155917	7312461	4553386	4709929	7155917	7312461
4_group1	3614303	3431586	4	8251544	8434261	3431586	3614302	8251544	8434261
4_group1	3431586	2483000	4	8434261	9382847	2483000	3431585	8434261	9382847
4_group5	983354	1153799	4	12133041	12303486	983354	1153798	12133041	12303486
4_group5	1153799	1611114	4	12303486	12760801	1153799	1611113	12303486	12760801
4_group5	1611114	1975280	4	12760801	13124967	1611114	1975279	12760801	13124967
4_group5	2019422	2383837	4	13169109	13533524	2019422	2383836	13169109	13533524
4_group3	1022225	1298827	4	15534782	15811384	1022225	1298826	15534782	15811384
4_group3	6706033	6959491	4	21218590	21472048	6706033	6959490	21218590	21472048
4_group3	6959491	7546656	4	21472048	22059213	6959491	7546655	21472048	22059213
4_group3	7546656	8052421	4	22059213	22564978	7546656	8052420	22059213	22564978
4_group3	8052421	8271667	4	22564978	22784224	8052421	8271666	22564978	22784224
4_group3	8271667	8575382	4	22784224	23087939	8271667	8575381	22784224	23087939
4_group3	8575382	8643290	4	23087939	23155847	8575382	8643289	23087939	23155847
4_group3	9614584	11071033	4	24127141	25583590	9614584	11071032	24127141	25583590
4_group3	11088978	11519000	4	25601535	26031557	11088978	11518999	25601535	26031557
4_group3	11519000	11651267	4	26031557	26163824	11519000	11651266	26031557	26163824
XL_group1a	2589140	2431540	XL	56326	213926	2431540	2589139	56326	213926
XL_group1a	2431540	2073288	XL	213926	572178	2073288	2431539	213926	572178
XL_group1a	2073288	1993662	XL	572178	651804	1993662	2073287	572178	651804
XL_group1a	1993662	1589621	XL	651804	1055845	1589621	1993661	651804	1055845
XL_group1a	1589621	1177129	XL	1055845	1468337	1177129	1589620	1055845	1468337
XL_group1e	132033	523492	XL	2777497	3168956	132033	523491	2777497	3168956
XL_group1e	523492	597344	XL	3168956	3242808	523492	597343	3168956	3242808
XL_group1e	597344	1370418	XL	3242808	4015882	597344	1370417	3242808	4015882
XL_group1e	1370418	2107122	XL	4015882	4752586	1370418	2107121	4015882	4752586
XL_group1e	2107122	3067044	XL	4752586	5712508	2107122	3067043	4752586	5712508
XL_group1e	3067044	3392942	XL	5712508	6038406	3067044	3392941	5712508	6038406
XL_group1e	3392942	3541185	XL	6038406	6186649	3392942	3541184	6038406	6186649
XL_group1e	3541185	3621455	XL	6186649	6266919	3541185	3621454	6186649	6266919
XL_group1e	3621455	3721903	XL	6266919	6367367	3621455	3721902	6266919	6367367
XL_group1e	3721903	4407526	XL	6367367	7052990	3721903	4407525	6367367	7052990
XL_group1e	4407526	4533561	XL	7052990	7179025	4407526	4533560	7052990	7179025
XL_group1e	4533561	4792842	XL	7179025	7438306	4533561	4792841	7179025	7438306
XL_group1e	4792842	5164211	XL	7438306	7809675	4792842	5164210	7438306	7809675
XL_group1e	5164211	5453064	XL	7809675	8098528	5164211	5453063	7809675	8098528
XL_group1e	5453064	5518352	XL	8098528	8163816	5453064	5518351	8098528	8163816
XL_group1e	7320427	7510298	XL	9965891	10155762	7320427	7510297	9965891	10155762
XL_group1e	7510298	7659234	XL	10155762	10304698	7510298	7659233	10155762	10304698
XL_group1e	7705255	7865992	XL	10350719	10511456	7705255	7865991	10350719	10511456
XL_group1e	7865992	8444803	XL	10511456	11090267	7865992	8444802	10511456	11090267
XL_group1e	8444803	8758456	XL	11090267	11403920	8444803	8758455	11090267	11403920
XL_group1e	8758456	9197367	XL	11403920	11842831	8758456	9197366	11403920	11842831
XL_group1e	9197367	9586208	XL	11842831	12231672	9197367	9586207	11842831	12231672
XL_group1e	9586208	9801762	XL	12231672	12447226	9586208	9801761	12231672	12447226
XL_group1e	9801762	10372397	XL	12447226	13017861	9801762	10372396	12447226	13017861
XL_group1e	10372397	10729320	XL	13017861	13374784	10372397	10729319	13017861	13374784
XL_group1e	11117735	12087936	XL	13763199	14733400	11117735	12087935	13763199	14733400
XL_group1e	12087936	12421527	XL	14733400	15066991	12087936	12421526	14733400	15066991
XL_group1a	5837005	6203408	XL	15648312	16014715	5837005	6203407	15648312	16014715
XL_group1a	6203408	6330087	XL	16014715	16141394	6203408	6330086	16014715	16141394
XL_group1a	6330087	6745254	XL	16141394	16556561	6330087	6745253	16141394	16556561
XL_group1a	6745254	7321649	XL	16556561	17132956	6745254	7321648	16556561	17132956
XL_group1a	7321649	7998150	XL	17132956	17809457	7321649	7998149	17132956	17809457
XL_group3a	1037457	483861	XL	19288023	19841619	483861	1037456	19288023	19841619
XL_group1a	3830880	3386551	XR	3240848	3685177	3386551	3830879	3240848	3685177
XL_group1a	3386551	2998356	XR	3685177	4073372	2998356	3386550	3685177	4073372
XL_group1a	2998356	2926945	XR	4073372	4144783	2926945	2998355	4073372	4144783
XR_group6	124208	745918	XR	4550469	5172179	124208	745917	4550469	5172179
XR_group6	751551	1029429	XR	5177812	5455690	751551	1029428	5177812	5455690
XR_group6	1029429	1247210	XR	5455690	5673471	1029429	1247209	5455690	5673471
XR_group6	1247210	1533948	XR	5673471	5960209	1247210	1533947	5673471	5960209
XR_group6	1533948	1635961	XR	5960209	6062222	1533948	1635960	5960209	6062222
XR_group6	1635961	1755958	XR	6062222	6182219	1635961	1755957	6062222	6182219
XR_group6	1755958	2701178	XR	6182219	7127439	1755958	2701177	6182219	7127439
XR_group6	2701178	2932016	XR	7127439	7358277	2701178	2932015	7127439	7358277
XR_group6	3489468	4059679	XR	7915729	8485940	3489468	4059678	7915729	8485940
XR_group6	4059679	4706082	XR	8485940	9132343	4059679	4706081	8485940	9132343
XR_group6	4706082	5025514	XR	9132343	9451775	4706082	5025513	9132343	9451775
XR_group6	5025514	5233008	XR	9451775	9659269	5025514	5233007	9451775	9659269
XR_group6	5233008	5846226	XR	9659269	10272487	5233008	5846225	9659269	10272487
XR_group6	5846226	6155602	XR	10272487	10581863	5846226	6155601	10272487	10581863
XR_group6	6155602	7068320	XR	10581863	11494581	6155602	7068319	10581863	11494581
XR_group6	9152069	9723020	XR	13578330	14149281	9152069	9723019	13578330	14149281
XR_group6	9723020	9898778	XR	14149281	14325039	9723020	9898777	14149281	14325039
XR_group6	9898778	9979008	XR	14325039	14405269	9898778	9979007	14325039	14405269
XR_group6	9979016	10912837	XR	14405277	15339098	9979016	10912836	14405277	15339098
XR_group6	10912837	11096482	XR	15339098	15522743	10912837	11096481	15339098	15522743
XR_group6	11096482	11840006	XR	15522743	16266267	11096482	11840005	15522743	16266267
XR_group6	11840006	12502026	XR	16266267	16928287	11840006	12502025	16266267	16928287
XR_group8	115366	896364	XR	17856045	18637043	115366	896363	17856045	18637043
XR_group8	896364	1633767	XR	18637043	19374446	896364	1633766	18637043	19374446
XR_group8	1633767	2175542	XR	19374446	19916221	1633767	2175541	19374446	19916221
XR_group8	2175542	2450431	XR	19916221	20191110	2175542	2450430	19916221	20191110
XR_group8	3007165	3115919	XR	20747844	20856598	3007165	3115918	20747844	20856598
XR_group8	3115919	3499637	XR	20856598	21240316	3115919	3499636	20856598	21240316
XR_group8	8564440	8358083	XR	21987591	22193948	8358083	8564439	21987591	22193948
XR_group8	8158494	7712803	XR	22393537	22839228	7712803	8158493	22393537	22839228
XR_group8	7712803	7349432	XR	22839228	23202599	7349432	7712802	22839228	23202599
XR_group8	7349432	7169827	XR	23202599	23382204	7169827	7349431	23202599	23382204
XR_group8	7169827	7011729	XR	23382204	23540302	7011729	7169826	23382204	23540302
XR_group8	7011729	6879187	XR	23540302	23672844	6879187	7011728	23540302	23672844
XR_group8	6879187	6098158	XR	23672844	24453873	6098158	6879186	23672844	24453873
XR_group8	6098158	5562316	XR	24453873	24989715	5562316	6098157	24453873	24989715
XR_group3a	1161052	193729	XR	27261456	28228779	193729	1161051	27261456	28228779
XR_group3a	193729	218125	XR	28228779	28944874	193729	218124	28228779	28944874
